598
46
815
490
472
457
556
691
830
633
951
148
518
570
747
792
800
106
553
531
420
203
235
246
501
474
216
280
412
571
140
743
896
185
713
802
869
678
639
963
411
964
573
551
633
281
396
240
454
989
330
627
515
655
834
574
903
603
732
974
712
704
928
620
355
329
484
347
143
68
504
223
736
248
487
434
41
523
718
473
315
964
563
910
389
78
153
694
350
234
796
571
226
458
868
814
882
229
628
550
53
775
213
276
238
843
457
241
961
387
18
938
358
396
22
387
4
207
584
906
88
934
697
730
112
842
864
879
439
950
470
286
415
429
958
354
120
647
382
455
685
863
618
17
959
273
675
634
763
472
475
30
953
176
251
905
199
485
653
232
900
66
484
77
448
541
163
540
848
85
914
647
890
788
524
168
931
108
121
451
512
960
731
82
600
660
351
226
146
442
853
836
425
227
158
660
3
955
42
133
416
862
130
59
428
223
489
150
823
287
500
132
86
331
16
722
490
444
746
190
267
316
670
24
591
500
167
954
516
877
944
799
363
63
861
835
607
872
465
197
714
491
940
33
629
483
264
855
191
268
51
254
385
948
821
793
884
38
269
220
295
847
70
278
228
408
9
841
899
319
709
174
390
818
87
948
870
864
643
149
233
516
52
862
737
410
391
577
456
743
378
567
766
870
158
289
250
611
680
447
943
189
13
638
473
6
759
745
108
243
560
49
988
798
300
956
174
720
634
546
32
715
404
379
420
81
139
215
500
702
973
462
776
725
27
662
358
34
138
333
421
865
837
339
572
304
651
695
365
879
64
495
556
730
819
422
726
2
450
76
367
313
725
23
360
851
793
73
963
166
55
944
637
446
332
109
758
62
92
90
459
875
7
253
556
217
1
794
537
190
373
476
242
792
650
51
275
209
499
587
528
850
782
849
292
749
311
789
115
80
929
910
898
881
783
453
206
268
129
192
591
827
693
645
294
712
734
628
654
590
575
370
19
690
196
402
569
756
671
589
35
94
833
570
380
426
335
719
997
254
895
48
906
174
980
994
562
871
825
434
397
270
658
297
394
432
165
405
717
353
949
385
893
45
43
259
244
320
761
169
811
995
974
195
619
866
175
67
595
79
156
152
345
804
946
25
318
259
128
652
285
170
48
480
909
919
868
361
812
127
981
274
334
252
162
554
417
926
61
466
856
303
764
244
755
636
593
440
752
887
613
505
500
147
276
324
279
509
306
777
752
50
465
550
57
479
987
844
600
93
533
832
594
585
797
786
947
318
1000
325
625
257
415
74
115
527
275
122
784
537
773
907
312
880
486
625
689
383
29
525
141
194
974
4
343
794
881
580
476
890
533
392
107
84
913
44
98
58
993
893
428
588
736
940
501
377
198
356
638
530
395
405
703
701
424
115
306
641
807
222
716
348
21
284
308
258
508
852
519
85
558
105
615
260
315
654
337
480
626
710
585
663
346
284
808
936
272
155
999
932
741
54
657
318
635
333
24
601
180
859
795
721
168
182
917
593
369
104
492
163
449
978
419
755
157
282
125
597
968
728
811
758
720
565
709
197
137
419
692
970
247
918
846
357
426
751
193
111
547
971
644
120
769
549
287
317
438
101
894
936
614
353
388
195
635
999
762
406
400
55
735
296
659
672
984
22
291
719
423
586
831
912
289
681
645
263
611
409
338
535
738
779
83
359
352
807
911
640
255
688
852
401
555
656
874
101
616
744
724
237
230
877
430
507
821
561
652
154
186
445
362
142
688
873
930
116
503
592
753
214
676
768
646
368
447
122
136
922
604
417
39
391
443
843
809
377
236
733
984
492
251
797
375
366
502
461
379
835
838
131
130
726
420
596
945
125
530
623
916
359
973
119
91
568
30
164
60
679
463
660
166
523
40
885
672
114
514
302
436
12
277
673
828
760
15
135
223
816
648
963
790
773
506
795
664
294
612
552
854
722
985
930
854
684
897
340
71
889
597
740
728
256
818
412
110
840
578
121
173
886
661
911
508
711
606
442
888
179
307
218
239
210
933
288
678
123
100
870
144
913
17
564
351
188
437
923
858
398
753
558
102
652
307
915
522
169
50
880
621
927
201
310
966
829
423
79
820
611
830
332
541
957
132
824
983
705
982
477
364
295
704
441
327
700
609
811
432
227
975
860
801
784
212
89
770
129
791
602
542
934
655
328
246
384
391
56
327
125
813
305
935
511
79
224
750
990
413
225
414
642
35
126
575
418
145
344
205
992
36
826
435
433
543
900
500
271
96
5
520
803
