6236
4206
6704
4487
5783
4489
5162
3946
9009
6354
2325
8099
9152
7923
1232
4748
9942
1189
8507
4906
863
104
1284
7005
698
5276
6756
4245
7101
8281
2408
7321
440
2703
5453
1249
2134
4164
380
310
9054
3351
8028
9374
9047
7549
6806
9536
1914
5326
8746
6606
4871
4393
2782
2658
5647
2657
1627
6989
1110
6123
878
5285
711
5745
8234
1643
7794
482
700
6157
5354
6047
8953
8389
366
3891
4357
9630
1462
4992
7182
8101
7191
6579
2172
360
6981
6267
5727
9196
2197
7667
135
1283
3724
5743
4711
2686
5391
1730
4653
8417
7792
9070
3300
8807
5677
6790
737
8682
7870
1457
8499
6960
4773
1308
5957
6423
2755
8069
6189
1829
4027
945
8519
9515
6158
4550
4576
7940
8959
132
7554
5046
8386
3061
4894
8283
4475
4918
534
7234
295
916
5063
3995
5963
1884
184
7041
4183
3391
8759
7418
5189
397
9884
6752
7169
7335
8944
6977
3358
3693
7505
5198
2075
3535
7838
5506
3566
2006
5225
4088
9136
6242
3133
4755
43
7695
8623
6266
6927
222
942
6132
3694
4644
8060
9605
3122
263
4528
7952
7828
5365
6803
1305
8209
6820
3121
2618
1053
721
8699
8370
1441
9904
7569
9380
2845
7821
7370
5910
3344
660
1678
8178
9460
2278
6212
423
353
2851
5484
7712
7037
448
844
8
7982
8843
1873
303
1521
2580
953
955
696
3483
3098
9709
9342
9112
7244
1913
3965
2082
6240
2501
6809
8511
4524
4767
6466
3738
8702
4080
2863
4496
1894
4508
3279
3695
6859
4300
904
8966
6168
7600
6745
8757
5664
8411
9090
8695
3980
2342
8914
1681
3670
9177
7061
6594
7247
3124
3729
584
5421
6595
7642
564
7818
7126
7592
2603
5055
4432
8509
6686
5114
7849
8297
9838
8010
8345
5168
1475
46
8989
755
1801
2553
6422
9135
5251
5632
2462
3063
4727
8431
206
7129
1091
4053
2761
8569
8975
3081
9220
1660
4647
5384
7054
4498
2541
3252
3202
5041
4636
1402
753
2258
5380
9263
8185
7228
1226
2339
3582
8801
6935
2675
7100
6552
24
2908
895
9871
2250
4488
1159
518
3468
732
9843
7998
6186
175
492
8368
8031
8133
9529
6503
3388
8200
8634
8818
2164
1559
2059
2005
9800
7768
3411
5404
9492
5079
1591
2246
8601
5775
6215
8216
8524
85
5990
7416
1567
3361
7886
1083
2647
9552
3567
4504
412
2912
2554
1051
7446
7915
2461
9112
2408
3354
9599
6091
4542
1363
8627
6304
4964
3883
4992
4397
3135
7621
9309
8826
8017
8710
325
4695
4499
7142
4160
9719
3716
6857
9960
2037
4405
1657
7354
7084
6544
4102
4013
7433
4041
4076
6979
6844
9075
6428
7622
2843
9676
5769
5590
2252
5998
6702
3186
8381
3690
5366
7777
3352
935
3773
8598
5652
336
1924
2914
4928
3174
4585
7479
6165
7085
4621
2823
5785
3341
5439
6602
6991
9438
9587
5874
7639
5157
2555
5837
9772
3421
3029
783
9346
9585
7578
9067
3123
8991
6443
7826
917
1915
2099
6914
4796
7777
4822
2889
693
7123
3347
8067
7910
7187
3410
5236
5672
299
2282
4972
9109
752
125
5165
4330
700
913
6422
79
8170
5452
2872
6160
9478
5784
2600
8958
7289
4543
8923
9914
1510
9062
8171
2486
2859
5911
7720
6954
3617
9354
210
647
9893
7809
396
5005
163
8392
5521
2053
4521
2748
3667
3661
2312
3987
2162
4752
7588
1409
454
8572
6929
9466
6898
4254
3382
7769
6994
1163
3022
652
5799
1491
4001
2727
8552
9494
7856
8545
4879
3832
9120
5826
2938
4227
9691
6551
3499
1610
6309
4763
2907
5378
9947
5274
8343
566
6268
4126
2051
313
8285
9694
7322
230
8648
3240
5211
4221
413
6197
6024
2439
7147
2097
8925
4115
7676
3935
7989
8424
870
4243
9710
8105
4219
8354
5872
1066
842
6014
816
7184
9421
9353
9161
5328
5003
8978
2737
4302
7282
3877
3955
9001
2079
4123
1168
1864
7065
2539
187
6643
7256
2943
8685
5456
2620
5693
3065
9412
2920
3859
4343
657
3580
550
9148
6325
4933
7093
5173
2317
1012
7661
596
122
4506
8401
5544
9986
4151
8486
2373
7307
1489
3920
9164
1155
3093
4749
6585
3205
3056
7892
229
5620
5389
777
6569
9811
4359
5627
749
3332
8313
8255
3233
7409
2723
133
7969
7451
5806
4361
1055
5757
3200
6760
5988
4318
275
4591
1297
9499
2889
6265
7866
8937
1495
808
785
3034
6140
9332
3416
3314
2448
89
8669
5181
7659
557
5855
3981
2274
192
3896
1564
8758
1254
5248
8178
948
6383
2271
9582
9860
622
8243
3528
1671
9246
5834
1170
8305
6706
3326
5838
4540
1381
6457
976
2472
9835
6563
9960
1933
1546
3973
6452
9284
365
2125
7726
2804
8225
690
845
1454
1777
4475
4687
9859
4844
6583
6712
177
6993
5747
4549
9042
6328
8149
7914
5949
2382
9341
6246
5472
754
8423
1032
2636
9118
2293
5763
2626
6205
158
9311
4172
9271
7332
9007
8976
1430
5939
5702
8544
228
5228
1151
2416
951
7767
4647
4345
6286
5716
7624
1780
3614
7662
4851
8517
7060
5636
9238
2772
3583
1751
8140
7283
52
3992
9853
7293
8838
2670
284
1763
2379
6435
1981
7485
5737
8943
8066
9746
4005
7014
8053
5347
1433
5589
5545
8295
983
2874
9363
8136
1412
2568
9136
1331
1393
8605
3681
607
8219
9081
5824
2586
2001
435
3091
9591
4098
2870
4390
8588
4479
7538
2277
9949
5935
2203
1408
587
9593
6951
211
2572
3736
2649
7208
3304
8798
4210
5868
5463
1785
9603
9701
7236
5361
7675
3259
5454
7865
946
9959
873
5098
650
4640
1541
8645
8737
8568
4045
8906
844
6988
3356
7781
5951
917
5384
2856
3271
1603
6173
9378
4934
1821
9520
3193
1461
4159
3017
7879
2648
6262
3253
2690
7518
2465
6638
745
5049
1056
5628
4001
7705
317
4352
4913
9774
5822
1062
7163
9750
5025
3155
5446
3573
4607
7895
7565
3778
909
6761
5945
4460
6416
7539
2948
5103
477
2940
2757
1909
1617
5870
35
5074
6388
3647
5715
9050
2202
2320
6074
9997
3461
281
1488
4449
5571
8268
6503
6926
5981
1317
5765
4324
8783
6449
3945
9815
566
2571
1952
975
5756
6373
4125
6493
4875
2425
9612
4652
8508
22
638
1156
4865
6429
2524
3972
3708
7286
1079
1992
9392
4565
4998
9471
9026
7629
4916
3043
6701
6701
764
4627
3607
9169
5032
2849
3787
8267
4443
9879
4429
176
1504
9272
6098
1482
7311
8193
6799
5173
6334
3675
3239
2441
5388
6958
156
3177
8319
5015
8613
8761
4533
1322
7550
9514
3487
5897
5290
6107
9814
3918
5380
6509
3137
4262
8016
3683
5955
166
6188
390
983
2377
8788
2388
3662
7488
1508
3078
2244
6819
5790
105
7205
724
3813
4626
3662
3508
1322
590
4137
5040
5291
7423
8553
9830
8550
8040
4662
4533
2328
979
6781
6897
5110
1411
2609
3989
6918
1864
5104
9704
8057
6679
1618
583
4285
2217
4240
1077
2115
8061
9147
1089
7408
1294
7102
4548
3587
883
1576
4950
5328
1078
8397
3551
6294
4509
83
4945
8822
5111
2724
2522
9281
1336
6396
973
5724
2755
3001
3437
4975
2717
6635
5804
3966
6673
7081
7351
2337
5090
2809
5383
331
3769
1918
5883
7509
3670
5360
2323
6037
2731
1650
2898
7146
1620
9539
8278
5271
1903
3851
6811
594
3494
8506
329
3012
9760
5611
3345
1518
9110
4135
5497
1930
5101
6431
5779
7735
3011
3018
3802
8535
1928
7434
6171
1659
1009
102
214
2071
5673
229
1927
6906
9308
3359
9229
4293
6175
5135
3273
2853
9128
5057
205
1470
993
2600
7632
8429
6397
8083
4375
3267
1994
328
6422
1799
5777
2506
3111
9571
4370
2614
2596
7733
2417
7483
5801
4443
6644
7135
8021
8566
4518
8832
45
934
8340
1208
8038
8836
4653
8527
1831
3302
9566
1913
5259
7188
7820
5482
189
8863
2716
2131
9533
4815
2868
2476
7837
9834
7538
7960
5831
7859
6881
4145
9167
6930
4031
3937
5322
8643
7493
2405
5168
2966
5847
3774
3580
3678
5671
148
9323
7520
2092
3232
6419
286
8432
7817
3611
4310
4848
9666
5443
1938
9878
5982
3488
1948
75
4939
691
9173
170
5266
8612
6167
7226
6802
9024
589
8644
5249
5831
9149
3334
800
5029
1068
4976
2024
4567
3304
1299
5442
7058
2833
5850
5749
1194
2182
5926
7975
1649
1547
475
1590
6696
6987
1040
6924
9801
7560
5540
2959
137
4343
749
5334
1308
8219
6030
9854
6678
2332
496
7496
2473
9687
2008
8020
8876
7688
3628
2381
5858
1685
4011
7032
8907
9262
676
7641
3634
3090
9937
6642
4141
4895
9087
1692
2779
8712
659
1825
6699
3917
5869
6403
2505
4294
2664
268
9985
3332
9340
8629
7352
7184
9178
2241
2430
8538
1726
8148
9103
5410
6272
1699
8495
7211
4706
5356
2458
2971
1455
5640
2941
4946
7263
5479
6173
5778
9622
9407
5371
4176
5013
6168
6586
3058
4232
6327
1940
4328
4659
6638
8747
8376
9467
6162
728
374
2023
9742
9444
5325
9275
7403
8220
9160
5401
8165
5652
9231
7804
8542
2552
2145
9580
4513
6268
4527
7380
5556
2205
2749
7698
3405
5147
8462
8418
5209
1889
3581
5967
9913
9763
3996
3475
4689
3172
6115
8839
8504
7231
6633
5711
5282
3037
506
6698
5240
8811
3276
5817
1665
1805
5610
4862
8803
2492
3345
8341
7608
5674
3076
6114
4451
9398
6172
7508
6405
723
9950
1759
4994
694
2734
8300
7922
6753
454
6593
8502
4107
7875
989
1082
4252
1005
640
7598
1891
7976
3132
5876
6786
1316
4849
9608
7287
7822
3852
2795
6846
1581
2992
7219
9870
9150
7451
4621
6630
5141
373
13
1483
3376
2015
7416
7444
3637
4869
3590
7295
291
7419
5018
8009
3401
1075
5721
4142
5683
7944
6117
1580
7729
2121
4198
525
7334
25
5991
9315
8400
1397
9441
2759
6187
7789
9645
9687
5039
6775
8638
892
3754
1666
6276
9266
5759
124
3451
6064
4940
3957
4760
7899
3187
9420
7210
4960
9909
6980
5014
9139
8634
7153
9344
6513
3292
7892
4135
5729
3941
2329
2140
5430
4180
4326
9828
2713
2428
2936
6403
2992
1709
323
3631
2121
9895
8475
7411
4776
3854
7395
6854
1161
364
8873
4025
9766
7540
3962
6759
645
1857
763
1955
1792
3199
7502
4373
1730
8790
5952
9437
3328
3534
437
3698
1190
4905
9114
5520
8116
6754
8718
82
388
1795
7925
5976
9576
3663
6015
1291
9205
730
2306
4562
7931
3527
8448
6901
6294
293
8186
6946
5743
3927
3958
2570
3602
286
834
3379
1811
7828
1800
8888
7476
6714
1155
3659
6289
8138
9324
3272
7016
9482
1369
9924
8378
1697
5499
5762
8169
4091
1619
5230
556
1107
6176
1542
4486
5647
6241
1735
5402
9279
3626
8927
9402
3364
6444
7889
9908
7273
8164
4409
4753
7746
9252
1050
882
9987
1852
3316
7815
213
7494
2102
6819
9145
1981
4792
9338
8233
142
2394
7221
3885
7001
4400
6917
5518
1372
869
655
8952
3490
4278
3407
3393
1490
5700
4629
2422
9713
4291
9984
6328
9490
5925
7707
9822
6600
9060
4352
9650
6880
1921
5086
181
9816
1746
5389
733
4377
8184
7254
7957
7994
1318
1760
8565
1081
4826
1384
5916
7631
7150
881
8360
2068
3319
6245
2775
351
7389
8468
7274
6873
5195
8894
9634
9585
6073
5550
6508
8777
2625
8720
9792
6722
6720
4344
7203
5099
4162
5279
9418
66
4073
1526
7275
8582
5307
1054
7201
8961
9202
8383
478
9879
2288
6076
1989
6947
375
3664
9241
9930
1403
5508
5234
2700
5199
7840
5022
8842
2756
996
7461
6677
9815
2358
2622
9286
1173
8952
7042
1621
8059
288
3104
7512
5363
5070
7951
26
681
2965
9931
3922
2517
7035
8141
5769
6068
457
1447
3949
5976
9385
6074
7561
2437
1414
3260
9273
1586
7384
7181
476
7708
5774
8628
2010
5525
2952
3228
4929
3456
1375
908
8248
6155
9334
9244
366
9586
5397
8652
7983
5270
9198
5163
1600
8404
6522
9956
880
9396
3753
4955
5510
2753
9933
415
2108
6082
2177
1664
5900
9304
2774
3999
5687
2215
9445
9230
6542
4506
8470
3830
8488
1302
1428
7328
2725
220
4383
7061
7165
8265
4772
350
7317
2061
7260
891
7603
8051
5102
9886
85
817
5930
2361
2699
3361
5417
760
4701
3669
3294
1550
6341
4454
4821
2130
1432
2337
798
4953
5167
7019
4431
4808
5812
1245
339
9405
560
2109
9081
6973
3484
4852
6437
1808
9377
6588
6848
1683
8022
4266
2769
8506
9102
9657
7247
7278
1550
5398
2344
1466
7420
67
7318
5792
3751
1389
9768
5089
6738
8012
6056
1309
6689
2314
2512
3009
3682
1678
3783
4708
4111
9028
5262
2192
5557
8027
4163
5765
7233
1021
9364
1396
7788
5010
5070
7517
8373
1180
7589
5196
2409
753
243
4084
7178
2573
3887
5927
6240
9758
7260
4457
6655
991
6381
4023
8926
9036
5438
7149
4807
7401
7623
3431
768
6448
2481
8395
8653
9375
4801
1238
2441
107
9055
6612
9151
747
2676
3028
128
5714
3914
4100
7545
300
5060
6821
779
9165
8345
7404
7087
222
1754
579
5352
4694
9341
6728
6952
2596
1552
4032
3308
5541
1656
4923
8752
9892
2638
9536
9861
1757
2299
7316
2832
3711
6058
5908
7140
3373
7917
7646
4863
6257
771
4233
2066
2447
1709
7132
6302
1966
1148
5089
6899
8643
2013
3954
4349
3238
421
2898
9189
476
3684
7888
21
821
9961
4332
6376
845
2031
2821
2518
6052
6309
1686
7484
1423
7039
3500
3730
5380
8259
5710
2164
6690
5182
8358
653
3606
2887
3026
6626
6657
6546
4684
5613
1400
7396
3392
8204
9980
6971
3811
7229
2782
7408
4956
1908
5725
766
1522
6006
7379
6402
2639
9902
2491
948
185
8242
9350
23
8251
6017
2685
6029
5791
5141
1589
5657
6843
2559
4209
2292
9529
7682
9264
7953
6592
5321
4351
5742
7424
6841
334
223
2501
5175
9549
4384
3400
7091
4573
2884
9396
9153
8562
352
9169
1795
6665
3143
8794
8795
3558
629
7741
4519
1234
6366
8134
5957
8720
6375
2634
2791
9920
4636
3676
8580
7779
1304
4850
8205
6894
568
4252
4899
9616
6355
9988
9704
6813
2506
9830
8348
2961
4626
1783
5008
2800
6863
5317
5031
1273
8446
1801
698
7202
2550
2222
37
8567
1610
4818
2003
6814
9033
9999
3955
1834
2561
3102
731
7407
8540
5943
7355
8234
6798
39
8901
1256
1868
1362
6787
3932
5712
6939
7640
2202
8752
8010
2653
7047
9856
9371
3474
2625
7491
5037
9133
4870
7044
4055
4728
6876
8742
9273
9810
1214
7584
347
4632
2984
9257
3479
3775
8496
9822
5362
1272
3846
586
7414
4824
7213
5676
1696
591
9224
1183
39
4379
2944
8533
8033
4222
8025
8716
5692
3618
1492
593
3338
8074
8892
9201
4671
6315
6387
2652
4157
8068
4085
2394
4015
3987
3144
9632
9508
5485
2777
2200
2287
4558
9712
6075
1899
896
4041
9765
8973
4598
5539
2805
9339
110
3462
1706
1201
2260
4186
2488
4427
6547
8589
6781
9373
5481
462
3310
8621
5295
2053
1910
4898
1133
9018
9349
8773
8231
8223
8403
9384
9708
7369
7176
9145
4759
5343
8834
8749
8646
4996
6138
4970
1837
1357
8005
7237
9779
1504
3766
9821
7257
1197
2125
3807
8814
8306
3140
9836
8429
4322
5239
7651
9056
2304
4186
9922
4375
549
9446
3295
5658
1246
6520
6043
1334
6903
1084
2176
8782
4347
9302
8036
1511
3249
88
4507
838
4237
6571
5050
6605
5494
988
7547
2511
5040
9251
3588
4253
1820
3732
395
5453
7833
6847
5675
2896
7901
1632
9209
283
4119
7511
8146
2654
5924
1936
3543
4231
3402
6472
1774
7894
8915
9850
344
2184
939
7847
5088
8857
4491
2882
4505
8203
7277
9502
4452
5760
2751
4188
1147
3163
8302
7490
2055
1791
631
3845
8787
2216
3443
1729
9598
7413
1114
1248
5586
4836
5287
240
6012
6702
2179
8497
9283
3696
2387
980
2630
8254
5212
5336
8552
7796
8047
3779
7735
7386
2238
3415
5077
1473
852
8807
523
9911
5329
2107
5603
5118
3760
9410
5241
4489
7974
9967
4523
2999
6943
1330
5267
1367
1224
7682
4466
8600
4858
5385
6535
3710
4560
8342
4074
8563
4309
4042
2824
3682
5984
2470
879
3517
4494
3617
5775
1410
5581
8339
2877
8947
3709
6932
1036
837
1898
3476
399
1008
6537
8019
6355
1102
2880
854
5488
3531
803
8649
7582
4657
576
9963
3254
2783
7298
8085
1634
9381
5780
8947
2357
4099
8989
1999
1480
7248
4553
7564
3881
5216
5079
730
5851
7020
5361
1437
6649
4323
6206
5946
6178
1475
7259
367
7345
3944
5327
5977
892
3189
8650
3744
3771
5203
7900
1506
8464
9409
7073
950
2435
9465
25
8997
203
5042
8360
889
637
5923
6083
4826
2289
3141
9880
7449
7950
506
2624
64
8162
4018
2094
9116
866
4274
8804
8328
4630
6665
4062
1925
251
2477
5699
7285
8076
573
3191
6998
1838
153
9147
5179
1733
6815
5059
1810
5401
9891
5902
715
415
4208
7937
1762
4937
3414
1906
4255
1022
7910
5399
4926
973
407
2838
8740
2909
411
1703
4355
6853
7509
156
835
6529
5893
6234
2678
8227
4679
9500
9101
6900
6370
5372
238
8689
991
6826
7931
5817
4637
6539
6515
2626
6108
5140
37
9476
7457
6284
408
7844
9156
4357
6469
8982
3888
9679
2053
9300
7770
3943
9572
3138
2292
2939
8618
4024
8786
2027
6360
2117
7394
5348
2558
2708
6596
7164
4844
8960
2050
9404
5815
911
6022
701
2786
4674
3720
9153
4859
3131
9623
553
9359
2980
1371
1121
5530
6584
1853
6002
1596
6760
6744
9901
4660
847
4076
1675
9968
1932
8870
9575
4583
668
8659
2038
1253
6763
540
7442
4572
3033
7596
599
3862
2480
7571
2632
8240
3057
4126
5959
7985
9799
2062
2254
2267
4935
780
1474
7931
417
8288
2278
5995
2208
1290
4641
2100
8805
6465
7873
4129
9063
2235
5078
8980
9581
3788
100
7144
6865
6088
3356
3054
7344
6007
7323
3660
2592
3
69
2567
8256
6858
9258
3534
3939
5607
2052
8226
2048
634
6497
2855
7111
7659
660
5934
2370
1500
3277
1661
2699
1336
365
6723
7006
160
51
5772
1325
4017
3960
1142
2985
2333
4649
485
8688
2627
4458
1014
4780
5097
1515
6414
1424
2352
8648
1150
9190
5738
1918
6674
877
8164
2045
8793
6695
7114
6579
1394
141
2050
1960
3470
9391
2942
6585
8469
4481
8317
5808
4948
4472
445
9675
4062
473
3381
6020
1106
3082
8773
5033
6795
6125
4589
2458
8575
8537
1293
8639
4503
4097
2607
8731
9514
3514
5436
4627
840
3760
4360
5650
8990
886
4814
5940
3204
4869
7244
1353
1348
2263
2926
4817
5896
9249
9814
258
8055
77
172
1187
6000
1684
8609
7410
4736
6982
900
143
5685
6060
6146
5314
5178
4160
7679
7136
5201
7255
5352
9776
7875
6851
8818
5733
3167
2234
3108
2882
7199
1195
5694
623
4389
7937
8947
1471
5682
829
6887
3176
7882
7883
1831
9579
4419
6542
6743
8368
9142
4784
7992
155
1131
1135
2848
6868
5958
2015
7835
610
9325
302
2747
6614
2055
6646
6480
8002
2457
8221
7224
7174
4864
9682
9473
226
3865
9439
9989
9390
8809
6168
6789
9519
8597
8067
5367
4618
7128
7466
8692
38
1734
2074
2118
7924
3136
2128
3513
6378
1305
4222
5570
1693
9068
7166
4282
3234
8781
5971
9038
7740
6808
1523
401
6762
9045
6269
1609
7171
3979
8344
2612
8203
8736
7763
4083
8218
3344
2123
5155
5219
3739
8101
7425
2490
6682
1719
5417
3489
241
8376
9743
3665
9453
2110
6458
7744
180
4751
3393
5873
927
3727
4143
2352
3441
9961
2678
7139
9905
2313
3107
3512
9785
3050
4743
6143
2257
8103
8632
1744
2964
2740
4012
5731
7046
1380
5894
6306
6925
7456
562
1244
3440
8216
7825
3738
3181
1001
1625
6087
2209
9807
487
7664
3795
1237
4510
1993
8384
9940
8587
2178
9658
2076
6165
6845
5767
4192
3155
999
8224
595
8070
4365
7072
3268
8326
1023
7452
5188
9119
994
1598
1960
236
4711
4348
7967
3608
2231
8749
9232
7544
6818
837
6187
8844
8415
8513
7684
3173
2281
2862
4283
8619
2034
1603
178
3066
3408
9502
3509
5243
4492
4924
9730
9397
5701
2683
4694
2081
9182
2923
1251
671
5569
5811
3826
9340
9267
2493
7605
2900
899
1171
3906
5038
389
2916
2204
6110
7173
5692
6823
1086
2428
6066
8192
9925
3024
3164
6972
4997
7702
6699
1435
2340
3289
3385
6267
2387
1225
3520
3572
5252
3784
6459
4752
6106
3280
8980
7723
7743
3403
8751
4633
6229
2027
3261
6336
4915
937
9326
8921
6634
9966
6528
9997
2450
8112
7742
5863
8352
5112
1878
3642
5826
4126
477
5868
430
3333
8996
8012
4874
468
3895
9372
4248
9644
7626
7926
7811
252
7556
6749
9951
257
2153
2219
9894
4390
2420
5293
4539
1926
5828
1580
5464
675
5861
8024
8308
9284
3362
8227
9051
2159
8473
5707
7494
4047
5011
1563
4006
8385
8880
5289
6329
6088
2633
4056
1954
9983
2789
2331
4891
3731
859
1386
7625
6623
4920
6311
9955
4169
7441
5602
1184
7613
5513
9243
6126
9729
932
7528
127
1796
7685
7002
6084
4270
7732
5908
6227
5185
8260
3207
253
8168
516
9257
1002
9691
7968
8272
1328
4692
7801
6531
7903
2820
9562
6457
714
2577
3201
9168
6145
4040
6035
4063
5020
1637
7743
7920
8917
2743
4440
6732
1420
4373
9428
8853
2588
9439
7308
9755
3297
535
6558
5781
3291
9915
6439
3196
5178
1690
6570
9818
2309
8024
858
2947
5956
7526
6951
3340
8081
7711
140
176
153
5164
6680
4661
832
7105
6010
1320
9606
4973
5903
8574
6109
5303
8929
2153
9531
5796
6323
2745
2707
5840
7649
6514
9117
9594
582
4834
3310
6454
1766
8289
25
1270
7030
3140
196
8522
3875
4422
7348
3814
4750
9813
2726
4843
5480
2277
6933
6169
2200
2315
2746
817
5207
3503
710
8090
4038
4412
4966
2594
9569
8781
4093
1954
501
5706
8669
2196
5418
998
9391
4351
4862
9404
8514
781
2262
338
5462
65
5728
9310
5531
7366
9113
898
4009
1818
4854
2171
2576
1277
8
7575
3819
5013
1560
6512
7264
1978
7945
8117
1602
8558
4426
1409
9262
6896
8293
3798
7265
2864
15
1305
1363
1199
9679
4687
7913
41
5968
1613
3244
8104
3636
8049
9748
726
937
7566
1233
6332
394
4190
7447
7271
9262
1325
7832
3617
1950
4128
3237
4541
7192
2961
729
4347
5722
9872
2612
990
5123
8458
2587
3872
4142
8371
4514
2894
5619
7650
4914
7728
114
1578
8882
9513
1975
8660
5662
7392
7507
7916
2588
8724
2719
2601
7437
9751
8766
1969
5281
4825
6639
5525
8129
6500
6275
5909
6061
5246
2884
5264
384
4247
1558
6720
3444
9549
8227
6042
4674
1262
1120
8084
5983
8546
5578
8445
6910
3558
2039
8741
4600
6882
7814
9939
8566
6597
2418
7776
7019
5744
6257
4737
5771
4149
6850
8609
2152
8970
1789
123
2367
8721
2543
5082
3089
306
7391
7964
811
6663
620
8043
1021
6698
6291
2770
5739
6967
6484
4098
9828
363
9948
575
4506
3919
6945
9875
7046
6464
2598
1456
5411
9487
4705
9683
2021
3685
6855
5415
9104
5432
6193
7562
3482
865
6469
4103
4733
924
5312
165
444
154
9628
17
6866
9154
9851
7285
7972
4739
722
713
4133
7457
7350
903
367
9826
3936
261
7244
3398
8038
5023
2103
9417
4762
6076
1594
144
8015
9365
6405
3903
9505
2392
4410
4327
6095
9179
3113
134
96
588
9626
1720
9019
4421
9781
6273
8298
7326
4768
3957
2629
1658
9739
9459
127
5100
5833
2464
8173
3369
4530
1518
8595
9421
8728
1351
3197
6693
9841
4689
7802
8120
5191
1018
8725
2454
7747
5046
2521
1200
9214
6032
436
17
830
6367
8347
4193
8245
3496
8126
2207
5552
1063
6384
7819
4050
1957
9296
263
2358
9982
7497
58
1420
4392
1894
5324
9883
5227
3135
9718
1847
3564
7009
7279
4923
4461
3537
3206
4826
534
6004
2167
9649
2355
1673
4280
8529
9238
1444
9442
3480
2891
9281
6094
3658
9394
6079
6184
1741
2438
2287
5154
4571
2471
9328
1893
6411
1736
9545
499
8085
8717
8551
2047
7752
6322
3322
1727
8066
3777
5576
4554
7099
7737
7641
4962
2650
1477
2009
6835
7790
530
3032
74
7304
9
8235
6992
9320
3120
7686
8032
6397
5674
5242
4026
2596
1293
9414
2199
7939
7911
8100
3331
2439
8599
9917
3906
2227
3654
6147
2147
5735
2599
7809
2484
2725
9749
5035
6687
684
1865
4435
1662
5709
6821
9932
9610
4213
2406
7429
6567
5650
3477
7124
3994
903
9041
5503
6342
6049
3884
3877
525
6751
8423
2730
3879
7301
3372
9863
5617
2874
8524
618
7367
3501
2722
3873
6983
3002
3341
7220
4988
8985
1326
986
7727
4639
9504
7089
8409
9625
1148
9636
750
5214
1882
5832
6938
5932
6719
1132
2298
5478
3055
1597
3753
6772
7882
8377
8823
3211
9378
527
5312
7360
7653
1374
2308
2421
2621
6430
5573
3926
3692
845
4401
3034
3586
5431
8759
2186
4250
4483
1318
6667
5798
5819
7962
8848
3529
8495
3953
4088
6111
1234
3794
5451
5943
2802
3255
7594
9856
7291
858
7427
7388
7917
9237
8460
8320
7904
291
4980
1757
6499
5913
2383
1310
2625
1180
1439
8123
4707
9689
7929
5914
8641
3433
9553
5058
2070
3781
661
4067
790
6323
4179
9423
536
6111
5157
6072
7847
5437
2534
1237
8273
40
6166
351
2524
5346
8941
6230
3672
644
5306
650
2310
2659
1827
4381
1773
2758
8145
8151
8861
8602
3059
3169
6431
5655
4094
4174
7262
4153
8212
9506
9735
7761
4813
519
9793
7496
5218
742
8799
8279
8673
2533
656
4418
7410
9924
3917
8563
9077
9137
8487
6852
9424
7824
4281
3258
3718
8950
7242
600
8425
9955
3004
9408
1038
2594
3101
7635
8636
3074
5827
4010
8620
8306
386
8691
5835
3106
4605
2542
146
38
7584
1167
6911
6027
5359
6417
621
4019
6301
7042
9344
3445
1623
3473
8115
3612
2318
7756
6780
1556
4322
4304
917
8455
3547
7865
4296
3448
389
1033
5625
5169
6582
2095
6721
1097
7647
1629
9765
3686
414
7601
1174
8017
3820
2546
1141
5061
3019
8744
2929
884
1956
1647
2710
3172
9330
5426
5004
2415
7331
8593
8954
1895
3942
1584
1049
8175
3837
6219
7740
8350
5543
6849
224
9544
9010
7264
6893
5136
3986
2173
5972
4228
4268
2562
507
3154
6995
4380
8118
6480
5423
9049
8520
3383
8850
248
6747
4467
6224
9459
3224
2829
6524
7935
5917
1503
6133
4651
6451
8807
9481
490
4103
4158
2978
5126
9839
908
4827
9033
7303
6801
3581
1527
3810
2950
3417
7673
2857
5258
9862
2679
7721
8935
5426
6374
6999
4224
8754
9034
4761
2762
1985
4212
2953
1481
1713
9349
1732
9146
7159
4295
2846
2590
248
1494
5114
3711
3096
4727
7045
7752
9425
7668
8591
9414
1259
7585
7928
1030
6957
2234
2132
6907
2772
1343
3838
7798
9673
5429
8782
398
9306
4182
807
1788
1660
4372
3963
4012
9980
4369
5043
8365
9617
2020
8367
7930
6226
2059
8896
8143
7693
6339
2529
410
4315
322
5547
3606
1784
8782
5921
2033
7550
8447
5288
8201
2803
6391
9823
8457
4651
9171
7398
1710
7516
9218
8502
9597
2083
5114
3966
6249
6220
2896
7038
5287
4823
6915
6974
7240
3899
1052
4220
9029
260
8022
521
7991
9873
5469
133
301
7691
8152
7261
3972
8468
6717
2692
1158
1004
4313
5373
2265
6718
9773
7024
333
7172
5342
4372
9472
8259
1872
8128
8174
361
9787
3007
5942
7800
5080
8439
1203
3426
9882
8265
3355
7198
533
1467
925
5081
2559
7329
6050
6511
2268
210
9256
6793
6610
8030
2211
6779
5259
3776
80
6446
8905
9017
7560
4037
988
6474
2467
7587
646
704
3688
9794
8448
7236
8545
3882
355
7353
4120
1874
1715
7459
2767
6889
4108
1465
3545
6404
6707
8406
8281
2968
3672
4756
8275
1429
6879
6458
4646
7340
387
6284
5519
8971
5206
3436
9756
8094
9372
9283
5965
6952
5349
4418
3704
8198
3753
3518
256
1659
8021
9463
2341
1953
6629
7421
1056
1942
8270
7339
231
1278
3301
2583
6502
36
9441
765
797
6086
3045
8842
6293
9618
9697
1587
9439
912
1139
9744
9009
3825
298
3625
9613
2115
7269
120
6990
1900
2780
6836
9180
5891
8784
9617
6575
7453
8530
9401
9489
9337
5943
5535
7152
1001
2017
115
5477
8473
6407
7393
3438
6633
9862
4622
5854
5739
5526
4259
3646
9523
4032
1819
7907
4038
4799
5896
4122
4333
4591
9775
3235
3166
8965
464
6213
9714
1419
6282
9217
3608
8096
8273
514
9435
3223
5484
1658
8316
5071
1712
7428
6256
3358
8820
1099
173
1923
3180
7485
3485
2559
574
7468
9778
2157
718
4745
5375
9088
3227
2903
6123
5257
862
4311
9944
4290
8978
9444
2347
5386
7402
5185
514
9951
2385
6745
9928
1157
2871
4316
7795
4911
960
1573
7786
8719
2882
7438
1935
6838
4668
9989
5902
2177
8844
1876
7239
5208
5784
3878
1146
8955
489
8275
9641
6993
5318
8276
2335
5986
3930
8156
4028
6477
1670
1460
1949
670
307
9852
422
8142
5598
887
2716
746
8232
3158
2667
4842
4722
8927
2410
4394
2235
5880
6919
5438
9881
2483
3027
1731
1702
3475
3620
8953
2264
8782
3491
4868
3423
8135
7437
3478
2993
1507
3959
7378
7557
9842
312
7004
6038
276
301
8416
6688
5834
6438
5906
8394
9292
751
7230
3283
1342
9047
4734
3909
1213
2988
6840
7934
4904
5192
1544
9675
1631
7954
9846
371
5190
4246
1779
7008
6601
4201
6970
9762
2225
4325
1986
3429
8711
4147
7115
4020
8625
6591
9538
4845
725
1432
8531
8328
2118
5688
7272
6139
446
4779
2479
927
8790
868
3890
2028
4124
4144
8860
4196
8819
2646
2565
1241
4703
1108
3682
2397
5075
4936
977
9548
9788
8694
1311
5405
1599
1169
5841
7943
3235
1669
7863
566
7582
3911
1130
4023
8238
8904
9211
7783
8549
927
7791
8330
7857
6885
6192
1080
4883
9716
4119
2338
4047
2826
3596
5441
7253
2584
2266
1979
6977
2122
5020
4522
4094
5789
4697
8505
9811
4101
7409
4641
1464
8513
9053
7869
2660
8890
1555
1292
9434
2041
217
9461
8665
4746
2961
6640
5153
1946
447
1996
3053
910
5630
1729
3625
7699
7599
3993
1564
1999
7117
2122
2326
3922
5198
8812
5067
1147
8839
1337
7921
4734
8179
6346
8804
1714
6959
3214
7349
3689
4446
7378
2474
1745
8521
8177
9162
6210
9663
6856
1179
8195
8672
3000
8318
2179
5412
4525
6877
6368
3885
8614
3188
1977
850
3391
183
4068
9724
7868
4873
4678
3778
8364
7364
1198
6670
4008
813
5154
3247
8145
8290
7675
5917
9727
9941
3405
721
8536
3592
958
2500
930
7130
2537
3047
3305
1667
8127
1994
420
94
5877
3034
6183
4434
1552
4214
61
8055
8189
6765
4860
5941
1315
1160
2411
9464
7936
6264
6040
4126
2244
4118
9706
4241
7558
6578
3139
8241
2366
8771
2734
6920
7609
4804
7134
3539
2733
7613
8770
743
2817
7918
9702
5036
7818
1837
8452
9619
9059
9320
5920
1679
2404
508
1186
8706
4278
270
1119
5319
3103
2666
7118
4603
6911
798
4876
8303
561
8678
7564
9779
5858
2861
4216
1682
56
8082
512
5885
5352
2395
7543
5142
7309
4044
5183
1324
1983
309
9093
704
5220
2411
5889
8235
8405
8109
5304
8947
1346
2228
9578
4218
2684
6152
8671
4698
531
6853
3257
6797
4496
3559
9946
6743
427
3300
8379
1768
1870
2398
9356
4837
7036
2363
6931
9649
3380
3717
7530
511
7358
2134
9761
8071
3873
1698
5723
2525
235
6827
8479
1123
8998
9390
7253
3563
2422
5800
633
3179
4774
8556
5779
6134
2351
752
9661
2958
5176
3399
6834
4452
9977
641
8500
8166
7138
7634
2316
5921
2412
3486
6576
8599
1280
9023
4814
8577
1176
2514
5027
667
7841
677
6508
3997
8007
9014
3483
7131
7091
2144
8522
7220
5668
2131
6004
4586
7749
5749
7784
3146
4049
6205
3540
6862
4889
8166
6265
2854
50
6423
1481
9909
8476
8423
9671
2593
6
3287
2807
1222
8172
3665
8617
2199
719
2160
1058
7799
8438
8698
7121
6830
959
4383
1611
8155
5468
635
4624
8875
9831
7336
9373
3251
1844
3442
653
6664
9693
272
9239
7793
7854
7808
8661
8109
5985
1931
7190
588
9852
9049
2928
9417
4977
3891
1798
6650
3828
6003
1510
1250
254
4628
2552
5865
4471
3697
7941
4942
5224
2886
8749
6171
6288
3001
7749
2812
1632
3132
6228
1307
204
956
3815
3701
9526
1219
6149
7143
9399
938
1896
1127
1787
8398
5886
6164
9134
1086
6159
926
3515
4669
6740
3353
9655
5099
8402
225
8034
9168
3889
6126
3302
7288
9402
9377
3250
4612
7445
7664
5397
4546
8147
7481
9574
4593
4105
8679
1376
8920
5153
4425
8065
4329
1531
413
3487
3247
581
2043
2591
2351
6059
4303
4189
549
1728
5331
1153
7009
8351
6822
8338
4459
4816
3618
3565
4422
4971
305
174
8332
471
1785
8115
2687
9511
7806
7670
9964
8094
7319
9458
6218
851
5470
3150
3881
8434
4465
9185
3360
105
7673
7849
8456
7617
4104
2035
6324
3874
2615
4552
2276
3240
2183
1832
9211
7120
4812
7973
3309
7631
8822
193
8088
4987
6300
3238
8670
8850
9432
8396
4601
1695
8329
3349
3691
4292
4310
1551
1007
4551
4853
2449
7974
9314
3638
7264
6461
7455
1365
3194
6481
3536
9144
9195
9824
5407
5272
7245
7619
1722
2205
3381
7454
9829
5773
3330
4480
6211
2906
9876
4699
4415
2979
7396
7324
5435
1387
9261
3962
6353
8123
4783
2105
756
8191
3073
8452
8806
5420
7484
7710
3747
1506
3041
145
2613
441
3463
922
4769
3147
2249
9894
3797
1206
5261
3935
9898
4271
871
819
1448
8044
5489
5146
740
1050
5705
767
1742
8366
6211
9486
2550
7484
885
7337
1971
4557
3000
1416
5471
1768
9375
4534
6390
1398
63
3504
8521
2814
5513
762
7534
1037
9783
1466
9123
9496
2503
7079
3032
7663
8412
8968
3547
5012
3598
6051
2575
7858
513
6053
2665
5146
8037
7284
9796
2702
3238
1113
1373
9614
4885
2840
7996
282
7164
6917
108
5150
9977
7104
8171
8107
8292
4385
6278
4035
3800
2751
9481
2960
8481
5564
8071
2735
9780
3365
806
8077
5373
3221
1261
3568
5597
6373
8981
1743
3737
7363
7714
9695
7112
3109
5886
789
2091
2194
6741
1962
4288
5645
5661
1430
783
9428
5881
8654
463
3265
6244
1537
7372
7010
5823
5260
4891
5052
9351
7274
6624
3213
9208
1575
8607
6216
1709
9371
7080
6177
2719
3516
2307
9509
1118
4444
9784
2754
8157
216
4263
6611
4398
3756
1157
6039
7655
5469
7362
3794
651
7877
4497
7479
3513
9962
1862
5200
7725
9773
7180
3236
7314
4092
649
5987
8965
5661
9309
2320
4984
9685
6259
2445
9525
5953
1988
8932
7911
8642
6999
1295
3721
9071
3915
7417
510
2951
9839
2215
7644
2056
1072
9491
7531
5844
4107
4766
3218
4034
6326
9971
1767
665
7088
5807
3743
9973
1721
1177
7104
2004
7914
5170
7130
3338
9808
6538
4266
6796
3643
3530
8589
5698
4721
7055
5944
5621
8922
3713
3323
4645
8042
9140
5517
1974
8839
7373
7383
8574
1529
3635
5752
144
5551
5549
7235
6536
9312
4974
2796
1899
942
2545
9710
8253
6321
4897
1716
9158
5960
626
5354
3908
2640
4026
2827
3844
1593
5222
2372
1406
8564
5717
7270
5591
7122
4983
212
7170
460
7715
7001
6161
3448
8524
6782
9027
246
3761
1231
1891
9250
4592
1258
9971
4820
3927
2910
9086
646
7233
1710
9080
3198
136
6541
1907
2241
5420
3734
244
4509
2914
3333
6997
479
4284
9157
150
59
4662
9497
4437
8956
4233
625
4884
5406
3198
9430
5127
4185
4458
2837
3308
378
9348
5720
8858
5415
1687
4659
5105
8239
3706
3435
3650
8730
197
5168
9031
4221
3316
2517
4087
4411
4492
3328
3934
8989
1016
2768
2897
6895
6805
6491
9969
3387
3269
5253
7165
5592
7356
8327
1093
8528
7898
2937
97
7215
5154
1807
1971
7843
172
7225
4297
2935
7778
9397
4746
3092
8863
7600
5393
1109
6141
9383
8373
8071
3183
5912
3628
3193
9307
4896
4890
2350
5197
3191
2750
6948
8214
6489
8542
191
7312
7913
9212
7108
9050
6902
6813
131
1240
9645
9789
1025
3967
8885
7673
8541
6994
5424
8476
5180
98
2651
9317
3569
6688
1205
7978
1853
3525
285
6202
359
4109
5368
8727
6580
115
7719
4896
8362
9665
8038
2295
484
3038
7662
604
6961
8815
5664
9367
7522
3973
9099
2977
3725
1968
2981
7876
345
8640
4317
9565
220
6228
9990
6401
2074
7011
9727
4464
1990
1633
8237
967
4696
3982
6106
2978
4730
3457
4648
4197
8462
4838
6543
3720
2093
3634
4430
6892
7227
1269
9565
555
696
7069
2895
3648
9
1327
8010
1158
673
6385
9384
5034
9618
237
381
2746
3087
3976
936
5658
6229
3741
1313
941
7985
2738
9787
6420
5730
6426
8433
4512
3839
9474
2437
3135
460
6113
1034
9972
4170
3252
3062
7533
3845
4052
3701
1266
1603
2972
5056
1571
3791
6793
6978
9074
4207
4279
6705
1483
654
1517
7961
1312
1388
62
1685
3350
7267
7856
7612
9616
5856
856
1736
7112
3652
4206
2904
9981
2218
6523
7255
8375
257
4024
4266
4978
6916
500
9368
9798
3079
9503
9549
9777
1193
8837
4473
3525
4447
5690
4948
926
2892
3425
1267
7362
1772
4368
1629
1505
7069
9086
2771
8684
5196
8091
3555
6009
4609
3726
1229
9264
4270
9493
4979
3031
488
2187
3722
6598
4
4643
5686
2710
8286
4057
5454
7799
8250
2969
1995
6179
6217
9422
3912
9079
5571
3493
1633
999
7475
5362
1479
3848
6174
5247
2135
5776
5925
4366
803
7135
2025
4482
5016
8647
2840
1560
6638
9786
6725
167
2388
324
9806
5351
9386
5161
6600
131
3374
1785
617
60
7541
5803
4581
636
7371
5802
7528
8649
8969
3752
4643
6331
9203
9431
1011
5871
7511
5759
5565
9245
3852
3307
3007
9158
2042
3115
80
8979
9907
4543
2306
7465
2460
770
5244
4517
3759
6822
9020
9200
8303
5754
6928
8474
6299
3103
8984
7313
2609
3122
4908
4260
5887
1301
972
5794
921
804
4913
3102
7106
1311
8534
8810
1855
8161
4944
8795
6614
7979
2732
672
5846
5639
4256
8274
4564
4850
2719
544
7657
4438
1848
962
4877
7905
8304
4782
2172
699
2393
7667
1901
2044
1450
8494
8764
1196
899
9138
8122
5342
4723
3648
8733
4231
4152
6345
1023
7163
5528
303
2727
8246
5005
2191
6607
424
5516
426
7092
6964
5330
8905
1713
645
3492
758
9282
7707
8363
6256
4915
1852
1364
2853
8624
1814
630
9507
4290
538
9568
5860
7610
3603
7132
6359
9906
5669
3315
2075
2
1165
1041
9659
4937
5510
3248
1668
3561
1896
4962
5101
3397
9149
152
2140
2005
9722
2171
4691
1260
7441
8351
727
3325
7909
8930
2114
6482
9554
7530
346
4386
1397
9219
968
7685
1134
782
5821
1513
8374
5879
9293
8682
7206
8453
7604
3156
5383
3633
3008
4136
5064
4337
6613
9159
6606
819
9517
3506
3266
1793
1863
7637
1319
4308
9884
1854
9615
9048
3865
9827
7722
5402
650
8110
3973
6488
2827
1418
357
5735
7859
2711
1441
624
1789
3325
4594
3210
2142
4023
4831
3674
2326
8512
4539
20
2861
2505
4529
9228
8415
9306
6944
5338
8451
6355
4097
4374
2154
5430
5723
6243
8986
6269
42
2141
7709
5950
9105
2129
1614
2663
9533
5458
2714
907
2995
1175
5273
1951
7926
6644
5416
4019
6790
3671
6572
3159
5174
5600
9867
7508
9642
6986
7984
5491
4741
6019
5700
8467
3767
5113
8091
9423
2794
5551
8365
5501
5567
6860
7738
6137
1943
7759
570
2528
1365
295
6127
3245
3645
3971
8559
4138
2504
8422
70
8294
6984
3005
3216
8013
647
4977
6287
4547
2287
3182
1503
6067
922
1275
9006
481
2445
576
9197
3707
8692
9046
6022
5941
4771
9411
3902
5280
9847
4537
7359
3170
8951
4571
8948
2067
4266
3714
2964
9288
2738
5108
6453
2844
3095
6831
1794
8619
4879
8262
4489
3114
3934
7171
2689
4548
2387
4441
356
1217
6788
1404
7390
8002
7759
5642
4149
1288
5118
9795
4619
5473
6507
6651
1753
2119
3630
7448
577
2799
4688
4912
3519
6303
9157
1641
8792
8494
4027
4901
3458
7119
4542
1190
1264
4520
416
1808
9252
2098
7055
7322
7597
8683
7311
2931
6909
6740
6277
3203
294
5466
1604
3570
5899
594
2166
1919
3751
1188
5555
6827
6807
7203
2820
8694
2133
4404
6898
4435
7762
306
4264
8194
921
1154
6320
8682
503
5106
5502
4847
6547
3627
3164
5265
419
7347
7559
1391
1436
86
7158
9355
444
5980
6594
6997
7816
9826
1339
9769
5124
2532
113
2528
1376
6823
8309
2279
8658
1193
4353
4830
8064
7086
1350
5122
8291
5275
3575
2468
2540
4786
6496
3236
959
9984
1958
4483
4454
4295
1563
3342
1595
1843
6645
6641
9974
6807
8102
1339
2879
442
3924
9698
1958
3455
5505
8308
3789
4246
306
1045
8972
987
9686
9092
2263
5496
2078
9563
5204
8252
3786
8124
7611
1124
9255
2918
6296
8289
3823
8963
8825
4635
9918
8058
5782
420
7224
7274
6127
7305
6288
1616
6119
8584
4131
5130
71
9417
6371
2353
2239
5177
5148
8843
3687
9002
9382
9076
8441
643
7147
2440
1015
8772
9934
2170
5277
3156
1026
4194
9832
8287
3486
6989
4201
4470
5262
7231
382
2721
551
9885
4431
8667
9889
6191
7614
8093
1545
2168
7694
8450
446
1069
388
4155
7704
130
6214
8160
3574
6540
1982
2226
3765
6618
9957
5667
8385
5473
8114
103
5649
8243
2296
2583
1652
3428
1445
7151
5890
4199
4535
9335
708
2954
4531
3190
5288
4951
5862
6975
457
8196
9728
2414
6730
481
5377
3774
8106
7830
1527
1783
5746
7145
1286
7980
6421
8817
2643
4657
4436
9670
6728
9815
6011
455
2212
9191
6130
2763
2548
7676
715
646
1817
9206
5403
2210
2803
7816
7125
6027
6127
9726
6233
6370
8800
9589
4834
5634
2175
1582
7259
8323
7167
6455
3083
6129
3185
5662
1911
6744
7681
5809
201
849
6118
8286
3085
884
4971
1663
9456
6056
8722
7013
2984
7214
1042
940
6915
8353
1881
5251
3698
8657
3813
8374
8870
794
2685
2637
9078
6369
7904
8153
8217
2195
480
4702
2088
5615
1913
9449
9759
5915
1136
7864
8774
8336
8583
3928
3086
6271
5891
5928
3368
2780
4420
4500
1282
1463
4502
4731
1405
5337
4114
5577
6261
4607
3059
4765
3274
9247
7750
1164
7905
7862
3870
2830
7461
5344
9124
5680
9052
1941
140
2444
5805
757
3931
9115
6706
2312
6250
3643
6362
7709
8315
7398
7813
2062
1364
1268
1902
2913
6046
8630
1304
915
6692
5610
3916
4399
6207
8578
460
4754
6040
1776
8845
6574
8907
439
849
4655
2331
7206
8417
3507
2085
6176
7660
8874
9358
9234
6017
12
9501
2354
2487
1922
6122
7059
2207
923
3650
8215
9341
6527
7300
4058
7381
7529
4809
8911
9676
7504
7812
2079
2836
1340
9127
597
8250
9902
1400
1142
5900
6348
985
351
6706
250
5374
4544
8298
4406
6196
8399
3761
573
3367
6418
9470
7861
4787
1550
6603
3179
7048
1370
321
4416
9132
7495
7482
4924
4048
8086
5127
4430
8651
6096
761
9295
5839
2697
5572
4788
4364
5444
8285
9427
2787
893
8894
6958
3937
2990
5348
8910
4730
6436
7335
5575
5340
1241
774
804
4172
9277
9662
6781
1765
517
6975
5150
3997
7829
2423
456
4121
9024
6327
6220
5082
490
7160
4938
565
3130
1132
1021
2219
314
2328
9503
4931
46
297
4019
5762
5354
6078
2201
2368
7514
3734
3073
313
6424
6662
6231
9413
7359
1017
7070
7557
6608
6655
1540
9528
5599
3887
861
8496
7099
8503
3933
9643
7739
4156
1062
3030
2566
1345
8681
9848
4965
9369
9260
552
1166
6548
287
8569
8579
4165
327
2804
3145
2064
47
2324
3168
231
1270
2419
4989
1748
4989
6965
2132
4963
1636
5459
4958
2469
2321
6335
6450
6548
4638
1639
1392
5882
7794
2114
9125
4089
428
4911
5696
4546
4599
9627
7975
6766
1701
2143
7773
7292
6681
5532
8888
6748
1591
4982
2750
9507
7287
8199
4553
949
6865
7161
8877
73
1888
1223
1099
1920
3412
3019
58
5156
5634
1683
5292
2705
6221
4707
2400
7579
608
8266
6828
3095
9762
9978
7509
4133
2585
8080
8237
1622
4941
8383
6660
4497
3306
5843
9577
9129
2526
8447
2252
4702
3020
6530
5019
6112
2790
5450
3998
801
3497
5546
1891
1141
7033
1113
9833
7458
9245
2456
4316
1144
8772
1347
9161
9732
6992
713
7095
7618
2007
6733
2058
5387
6774
5510
6645
5288
2997
9370
4680
117
1784
190
3576
1312
7197
853
9236
3343
7031
6063
5670
6630
3975
92
8729
4846
5091
5461
2013
7513
3365
1769
8543
6647
5797
341
4604
803
4020
8631
9270
2060
8000
6914
2049
752
2795
5032
8657
4456
163
6533
218
6283
438
6506
3231
6711
4631
8951
9297
2599
4219
2402
159
1396
6709
8750
5522
4088
5708
3044
8334
8977
7680
1652
453
8380
6573
7874
537
8019
7581
1809
5139
7964
6905
784
8748
7155
1408
4880
5749
9832
7666
4070
7018
6089
445
9340
1377
8889
5997
8666
438
1361
9519
9075
9155
6023
3219
9959
1923
7297
3433
7471
90
2510
2143
7797
6512
151
9567
7217
5440
8878
3211
2022
2808
7867
9846
7638
7383
3195
1525
483
8359
126
7751
1826
4361
8143
3014
391
9926
7258
2488
7932
7552
8154
8249
8048
7677
278
1644
3159
6412
5002
8637
4081
8633
1570
6070
5777
2345
4455
7469
8655
680
9803
5693
6494
8693
2688
486
1302
7658
2217
6467
472
8465
7268
908
3199
1601
2934
2669
5395
5909
6729
6029
7445
3921
6788
121
9462
2479
7072
9686
775
24
7223
1055
6927
1105
8257
5759
3116
2632
4816
7718
7320
9131
8628
5229
4684
7770
9693
3801
1585
1306
1877
9210
2608
2034
83
350
8472
9538
4874
9903
9543
3621
5588
546
9167
5323
7535
1965
5446
2063
3768
1880
7896
9717
8211
9287
7027
6054
5184
7834
8541
8480
3128
3447
3207
5382
8768
7956
1917
7053
8821
9702
8125
8355
9537
5040
7853
5541
6337
3595
5788
9595
642
8708
8615
6077
8193
7911
4811
7887
2065
9703
4993
7814
8982
889
7498
6099
9847
5
404
2885
5925
8008
9382
2538
1934
4617
4432
5364
425
4223
9080
8566
9918
6041
9346
3749
4402
4413
9437
8676
539
6496
8895
4061
3770
9664
3668
5880
6521
2930
6320
7846
6476
8301
7845
6864
6222
9622
54
1496
4457
2459
5605
8527
4577
974
369
4450
6599
7000
2347
4595
3495
3339
498
8188
7962
3553
1694
7968
3991
6794
826
7765
7031
875
8726
1755
4800
8049
709
3782
7417
2469
3805
7007
4818
9151
4358
5231
43
735
5563
1701
1279
3640
7049
2448
9073
1042
7628
9546
5308
4443
1886
6100
6071
1634
2232
2960
9310
3127
4620
2086
520
9220
5856
1239
5531
3215
1088
370
3251
6987
2872
6942
29
9146
2403
6842
509
3542
1414
3727
1867
2485
9970
4833
2481
2348
9763
9705
3323
1574
8827
28
2485
1748
232
9316
871
6689
7063
7544
1252
6048
6746
2203
3830
7819
6770
1524
4593
4393
1716
7654
1548
360
4954
6555
739
6279
5529
9804
4887
1883
1598
9681
9186
9065
5933
3145
8735
1370
4717
3951
5040
1904
7252
1067
3465
74
1176
366
4244
1358
3549
2609
6894
2347
8216
5386
4902
7567
9671
5250
18
897
8863
8866
614
1835
7185
6238
9979
8095
1191
2424
5487
5495
9280
5622
9684
9403
8865
8459
1908
7082
7742
7382
3418
5696
4597
335
4667
865
1811
9134
3079
3495
6399
8307
1939
7109
6586
3551
5299
8828
1786
4337
5324
6204
8571
4396
3006
7439
2508
1090
4600
7025
3264
7519
2976
3035
4388
6936
5962
3437
3010
2103
95
7653
4686
2869
610
9517
9012
598
5965
280
639
2970
5031
4633
2201
9097
2578
961
6942
2390
2011
9125
8103
7839
4944
5256
7862
3857
9993
8778
6267
8705
2641
6923
8442
8909
3888
824
1502
7349
4051
7703
51
5758
8962
7952
9547
4338
5083
5476
137
7704
8808
4261
4501
1583
8852
4673
3934
1648
1959
9820
9454
4657
1961
2708
9550
8971
3546
4574
930
3929
8382
8502
6589
6013
7738
5272
2792
2222
2883
293
6400
5895
9868
5892
7898
3995
4022
9550
7
720
7518
3836
6081
3723
5294
8992
2842
2180
8001
8416
2104
2865
8734
6493
7772
8924
1871
7889
1196
9291
8405
7150
7893
4829
5350
3792
5465
465
876
1138
50
8092
8035
576
1130
9855
5186
1271
9213
7506
4105
7195
9376
6976
4319
2536
4751
6047
4888
506
1736
795
4415
8812
9551
8467
6534
7956
2029
9943
3052
9182
2811
5583
1265
5761
6698
9817
7368
9290
2507
4952
1215
4840
1839
2334
2736
8563
3555
4886
7505
6726
5400
6437
1105
6658
7929
9008
1411
3816
3192
6033
6884
7811
5475
7922
7162
1215
6252
9069
5890
1677
9587
1116
5087
8964
2785
4104
8149
4582
5116
6934
2766
6639
3406
2662
6852
2433
9938
6565
4807
62
5493
5684
9197
695
4003
4569
6028
841
7857
1152
4249
9964
7771
9635
1711
7568
3439
9150
7606
5046
335
4590
2712
4152
1059
6602
5731
111
9927
5651
7716
8073
628
3209
2081
4202
691
2595
9066
2646
2681
5701
6406
1565
3653
1120
2728
2963
9366
8063
9592
6006
7128
3552
4610
697
6668
717
8346
8707
7952
5547
6796
7472
4363
1635
5829
8510
1024
6451
1973
4968
53
8236
2283
1382
9021
7633
9172
7489
4986
8788
7823
9643
658
8957
6289
7487
6778
330
9076
19
5455
5582
9170
9416
1976
2604
1235
8202
6504
3970
5027
1770
4756
8508
7433
4810
8702
2367
6434
1972
957
8595
5831
7999
7149
2691
9652
5857
5434
2762
3847
3075
7154
2150
3478
5481
8290
9783
4682
8643
1358
9416
9436
2828
1093
580
6466
9935
6478
27
7537
3964
8663
3712
8390
1498
9512
7443
147
7510
7946
3908
5746
6065
1651
9790
1851
1111
2617
8590
2924
8626
5825
4145
3100
5535
666
4221
6550
296
2842
9433
7525
8526
5670
4943
6470
9817
8789
4484
8183
6081
6553
198
6577
906
5145
7947
7603
6495
1201
4689
9483
4907
6122
1514
4626
8748
2305
4795
7636
4445
4999
9581
7193
6412
582
1472
9254
9184
5054
9480
8282
4059
4154
5176
8331
5661
6750
142
9479
6409
5868
8832
4298
3065
7595
5134
6938
4454
405
4656
9452
459
7279
7216
480
3366
9819
271
8388
5227
1378
5977
8163
6154
2640
3681
9897
5842
55
1425
4387
4612
9435
860
3616
8732
2425
2950
6285
3833
2551
2108
9888
2852
5073
4802
4778
4684
8361
6031
6318
1243
5584
1449
276
905
6255
2295
1137
2343
7346
3893
9308
8105
6812
3728
8798
2718
3882
7281
497
4474
2012
5607
3978
49
7217
9530
199
8132
4195
9361
7919
1128
220
5316
1074
1454
6136
3900
2957
8724
5688
9631
1338
1434
1884
6876
5268
2873
3868
9044
8018
1027
1750
4286
1979
9469
4109
8187
2773
383
5126
3828
7071
6939
8829
511
2470
3068
5864
3452
8847
4511
3105
309
687
4183
9493
8097
1626
848
343
6393
4052
659
3813
4226
7867
8206
5741
5021
3317
4658
4168
9406
6785
2994
9087
7273
2071
485
5138
970
3665
5155
7895
8473
9583
9835
1533
1484
5150
5425
7314
7012
7895
9329
9056
8389
1846
5390
615
5852
616
5579
616
6573
9633
304
3818
2196
738
2605
8369
1335
4311
5096
7932
7076
5948
2704
4356
7630
8491
6025
6899
6128
2002
3434
218
1605
814
5053
5286
7815
6687
9276
464
2120
8016
1493
9601
6345
5467
7887
8014
225
2311
9931
5560
7674
7095
7426
2165
6794
1638
325
2024
807
3923
9194
8131
6880
8990
9945
1707
9475
5310
8490
6561
6064
3780
2074
4448
9491
8180
1117
7064
1307
1300
831
8894
470
9976
5540
6676
5911
3450
4395
2260
6093
8703
2035
2407
7087
7061
3336
669
3705
6199
1242
491
8796
5349
5901
6756
4521
5668
2435
7204
859
4419
6908
4358
9233
2781
7084
7590
4566
4797
3016
7615
8087
1530
8000
2739
4558
9626
2547
2399
5653
2223
1964
7803
883
5579
2701
9837
820
6170
6953
1716
5327
5949
6617
7083
5830
7620
3629
7848
8983
5129
3472
3360
2032
429
5234
6314
8922
528
3560
6398
4204
9694
295
8277
5922
2482
6994
8884
3950
8166
5139
1860
7327
1516
4028
103
3604
7034
5068
7655
744
9692
6653
5209
9958
855
5753
9192
2237
6207
8675
4173
9166
3597
5509
6829
7365
8903
3004
9936
3803
1303
9544
7129
4867
1861
6490
7043
772
1938
1700
6456
9301
4308
5119
7905
8011
7473
1415
3557
5472
5396
9232
513
3748
4114
1538
320
2138
2933
3651
7028
9625
9737
1803
7460
6274
5045
7714
4100
4969
5695
8604
8414
5980
9427
8802
4476
450
7081
8493
4130
9265
2975
3285
9866
6956
7683
8743
9240
1570
7342
9222
867
371
3745
6270
3824
4899
7842
4588
3988
272
8459
6525
6021
7787
7306
267
2616
3804
5845
9400
6485
9669
7658
7384
1359
2262
2198
5170
5406
5223
6312
7133
1929
1941
1539
171
5213
1202
376
6822
7464
276
2330
4744
1309
8567
9725
2193
4856
5269
3282
8719
5153
6418
779
8883
3601
1486
3827
5293
8445
1905
2266
6566
5302
3605
5221
6131
3208
8349
2190
2491
7015
161
5623
4985
2139
8987
5507
7240
507
1566
6101
7605
1264
7566
2317
2077
2900
5309
7074
6209
219
7580
9645
9440
3762
3532
1058
6685
2571
8849
390
9918
3854
1549
1076
5492
2275
3713
2259
2305
1858
4148
8233
4992
5599
1281
6012
2680
9677
7453
3270
5245
7956
4171
5409
4391
2556
50
1098
7602
5255
1630
1856
8967
1455
4522
3165
299
2666
4709
2711
6693
3087
2624
6912
5166
4634
8807
3136
7040
5748
2622
1043
7405
2319
3040
4699
9707
1097
7478
707
6758
4106
6347
9030
7948
8544
3278
6442
4742
4226
608
7148
5459
5406
2364
2991
1909
1314
3572
9108
8603
2213
8208
9559
5844
5633
5931
237
8029
537
6891
98
5562
4681
9831
1095
1749
2856
4796
1060
3686
342
4054
4175
3343
4544
3485
7116
3835
2455
381
7787
9630
6713
110
7465
91
5095
9768
8662
7361
9368
8003
5722
67
9040
2682
8341
2792
2801
3321
7175
7533
3288
3834
7766
2448
5989
5789
4110
4797
434
273
872
195
8988
6204
1797
3313
1422
2236
4468
7712
4819
7881
5646
532
3972
2593
8779
3222
4947
4306
2946
4342
8419
5536
8780
1991
6804
3827
5631
9555
1528
4333
1458
1691
4734
5994
5964
6222
6896
9303
3275
3377
4289
1782
5830
1842
4384
5030
2673
209
2831
4113
897
8233
8159
8259
6427
2697
4876
8325
6064
5136
6575
2186
1092
5998
5562
3750
9532
6890
1071
5507
2778
5117
578
6779
353
1947
8635
2139
4857
1532
592
8610
9811
9745
8158
526
4517
1862
6044
1606
1211
5969
1519
3021
3324
8940
6615
7338
9328
9250
8299
5504
2299
8126
9690
393
1887
5497
1000
8181
5753
6307
5904
5960
1083
464
8753
1371
2096
2188
8855
3622
5125
7525
5624
6397
2642
1285
3306
6357
3623
1094
347
9723
5665
7156
6255
7616
5483
3186
1149
2431
239
6576
3304
3579
5649
3207
6883
5602
3620
4532
1802
2951
2436
8893
1562
418
9225
6097
4571
4805
7831
6777
5478
1431
6102
9497
5618
8300
9767
9637
6755
6390
6710
7431
7995
9558
3242
6995
5194
1521
5198
1655
7238
8797
4841
7706
5217
9865
4665
1489
4764
7524
3286
164
1119
3495
7387
403
7457
4539
2376
2934
9055
3198
3449
692
5825
2220
1568
5076
7276
6996
2506
6351
2245
2000
9485
3206
9095
8622
1228
7460
5311
3263
4752
2255
2057
6305
5587
688
7249
6885
5415
9711
822
5427
1745
2251
8859
8413
7921
5530
4009
6526
1360
9091
6215
6185
9208
5125
9092
8651
81
8665
8289
9542
2358
1087
183
4672
9254
6320
6362
8418
5474
1160
3023
5076
4010
4614
9336
7406
3806
2478
6671
8121
1210
3375
4789
6770
348
6384
7443
1561
4112
9590
2322
3880
9321
1478
10
9646
5210
2499
2919
3290
6765
7106
5049
5382
7780
9970
3737
4798
7537
828
4555
7200
2083
5713
6389
402
2146
7435
9235
3160
6867
6382
966
4016
5392
8443
6316
992
5506
6703
5766
4296
8851
6029
2915
4515
7589
233
1368
4320
9333
6198
4881
1806
7851
99
2816
7803
5006
1787
409
3700
259
4580
6584
5363
4909
3841
1830
2335
7122
5776
340
9188
4793
2362
6855
1048
4068
1100
3822
2090
4994
9896
2466
2434
9638
7835
3938
8716
7785
8176
1220
8714
8389
5600
5659
1185
9043
5733
4036
1453
8518
6258
9216
8403
2997
7933
3622
2216
3856
3108
685
5970
3389
7352
9003
7459
520
1761
2301
212
7878
706
4167
3521
3853
720
3927
4648
4065
808
7207
7477
2174
619
1019
5514
7415
964
5345
3681
9477
6237
8167
3048
6180
5533
1758
2520
2751
3486
89
8576
4685
5406
5593
4286
695
8561
4663
4622
3217
8704
1821
8765
7091
3071
9037
6556
422
4615
8222
3742
3399
6782
8678
8050
3409
6232
6471
6206
5614
9648
2070
683
6387
215
5734
7179
2974
5795
4378
2378
8197
9680
6695
1705
5644
7823
1095
3593
2380
1061
8845
5301
4269
9687
3398
655
4485
3858
6835
2748
8700
6636
7850
7548
8866
4844
1897
3924
1261
6468
7354
3816
6839
3586
8454
9916
3699
1073
8139
2126
8073
3904
6232
6603
9516
7756
2436
4439
6192
1285
7294
954
8993
7006
7431
500
9457
6861
5353
2496
9871
7971
8949
9741
557
5643
4617
8608
4184
5996
4112
873
2350
2360
4258
4107
5543
9337
2878
9451
3818
5341
6172
9322
8310
9560
1289
5979
2256
5648
8902
7473
3069
5447
8674
1827
2244
9058
9453
9103
3152
6437
1065
406
7852
8357
2284
3298
6008
2913
2058
2852
6133
3561
2917
534
2389
9163
1414
7890
3327
3439
7290
6264
2025
8039
9369
211
9658
4301
1465
6445
6129
1485
3754
1646
6430
9802
7425
7022
2146
7885
1807
2494
5400
1
7775
4559
6734
8823
4095
3174
5107
3122
4338
8176
5816
7305
4082
9305
4354
1569
