388
1408
77
639
1679
1215
776
1536
1123
1463
894
1920
1652
1524
1799
991
885
1280
797
1946
1327
1248
698
1686
1642
289
1529
540
1119
691
482
704
445
1543
830
238
363
371
1572
1624
229
686
1211
446
1520
1031
814
1512
1643
413
1783
1050
1224
1126
1018
1432
1429
85
832
393
177
403
1565
1812
559
778
888
1048
1965
1369
919
1352
1356
692
633
998
130
1682
1824
766
580
1695
486
1593
966
75
1188
751
1897
168
210
1967
799
885
1459
1206
1066
1684
502
1759
919
1232
1910
417
711
1605
211
1466
925
1686
1297
836
997
760
1639
219
343
277
1191
88
45
1480
340
1372
546
892
1164
1282
5
681
1963
723
1736
284
920
1181
333
636
1085
1592
792
1561
778
257
771
1798
827
1696
264
318
280
1340
1724
996
423
1309
1819
456
442
1020
1621
787
391
359
1743
1150
379
1693
1468
928
1891
738
606
80
989
1800
187
631
583
19
1991
1261
1083
1142
1196
139
212
1400
1322
1556
918
945
271
337
283
664
1019
816
1837
1727
1433
251
532
517
31
868
407
1362
90
68
421
837
319
58
1598
557
894
964
1662
1778
1041
1859
606
315
1607
1216
841
774
1795
486
495
102
1564
1336
1858
505
304
1478
523
530
1165
459
996
1284
1831
1462
91
923
1335
1099
1328
1843
1302
1840
1832
476
1981
1394
518
980
1371
188
508
899
1413
1260
269
1111
1220
503
1445
1326
1660
1414
1527
1149
312
318
1052
1965
852
521
454
985
1452
837
301
1299
1550
1344
1842
911
999
1239
533
1281
971
1291
1907
458
1448
1834
1409
591
1990
208
525
1312
1082
1156
109
1497
1290
1741
1258
1441
314
718
197
1962
1178
308
1247
1420
1797
725
217
1711
930
1422
671
1323
731
281
1121
74
1848
663
346
224
1339
342
923
225
1958
422
1893
1241
1427
717
292
737
1670
83
42
679
1004
618
1242
392
1638
195
1895
623
935
1595
1572
1808
1541
899
1177
616
123
1583
620
1097
60
1158
1429
765
1997
631
1788
355
1057
1470
1714
558
1333
1606
1531
857
554
103
278
260
1982
1144
291
754
1210
1101
559
1579
1316
350
1863
342
1873
394
464
1289
1630
1329
1014
1591
1015
29
43
917
1486
1888
1936
145
1034
227
1559
876
1507
577
841
372
1042
1707
1622
193
1769
352
190
574
1120
207
783
1348
1018
1818
1204
21
1578
809
1590
4
1330
548
1497
1976
1189
1092
1400
12
990
400
1985
1801
1314
175
435
74
1089
1884
47
699
1160
53
1418
1318
1203
1454
1305
665
1159
1576
1988
1193
117
1710
1938
720
1657
1309
1100
1272
79
1001
148
1687
1991
1538
677
560
479
1738
432
604
199
575
20
838
1231
1822
985
843
296
1761
1150
1703
1645
805
1205
1613
1501
209
163
71
739
1128
763
1509
139
1051
1796
1922
1917
914
423
953
1945
1736
1611
1762
1046
246
1481
1032
1827
153
1435
551
882
1655
101
282
1385
1444
1356
420
1973
1953
695
1511
43
1637
1272
1485
675
1692
866
1366
1550
1139
474
706
1037
1488
1296
1577
1565
831
340
755
1391
1154
1774
1271
18
358
941
273
471
1077
108
1496
1137
1874
862
460
1785
491
389
834
1161
1461
1800
800
926
373
1479
599
274
1287
1078
1212
1140
197
1225
1970
689
795
1155
592
94
612
768
1691
320
302
1906
44
13
1104
497
563
1000
883
1525
769
1666
1663
1932
1886
396
131
1124
504
908
1667
1499
398
729
1651
1109
522
134
796
1771
298
1385
1450
540
290
1695
1894
614
1428
1846
63
1142
913
1670
1218
1290
1489
1025
1471
1959
1166
1024
1209
556
909
323
353
384
1740
1560
1331
1086
781
561
1105
960
1361
576
431
1148
788
1606
807
1972
882
434
485
86
1987
831
1022
1183
1955
1946
1430
576
1660
1574
1116
439
1883
962
1378
1419
1317
1625
1720
986
1381
979
483
186
869
1016
851
1059
1048
1787
391
1628
368
150
162
691
8
1284
172
1839
305
999
1904
1995
1826
1872
565
1431
839
747
1522
1508
864
252
1146
500
265
1629
144
1587
26
210
1875
1889
1913
686
369
903
1704
1653
970
1600
1591
874
1965
1427
1855
256
1871
1927
300
154
160
1256
1847
1320
1495
1648
198
415
1780
1489
905
1525
609
651
732
679
483
980
1589
1426
1367
1828
1351
1046
959
1830
1626
1179
1195
758
702
1405
218
1647
1377
988
138
1222
78
257
715
1256
16
504
66
30
204
258
1226
958
1623
1259
59
473
1757
1899
678
544
451
108
593
936
1637
796
1650
555
535
1614
1134
47
451
919
709
62
1926
1275
529
1805
1831
1129
1884
1096
484
1385
510
240
173
1674
1361
1147
1882
50
128
1158
527
48
1634
1054
861
1246
74
1631
887
652
1130
762
1577
1106
99
1472
11
1446
216
916
237
1096
1899
998
103
683
152
255
443
1185
1641
355
462
1644
1977
1514
91
1831
1791
647
176
1521
808
1082
1324
1173
881
1102
1257
918
1733
969
1168
610
311
1914
1697
1392
1604
728
676
1098
714
716
479
1264
1131
1096
370
630
700
550
1532
1773
865
910
1920
488
232
786
1568
1056
1261
96
1346
1421
1548
745
1726
264
1087
288
1608
844
1711
1883
737
747
192
1740
477
1170
307
121
1982
952
1072
418
997
1504
654
607
1386
1484
54
1252
889
1905
433
166
1373
654
347
1140
1133
553
1304
1105
6
655
694
324
1023
1321
839
1358
138
144
100
1067
1269
339
1832
1344
1549
1573
1823
1784
804
991
677
661
1903
624
1359
481
674
1992
1440
51
1772
1523
1789
1337
645
192
1804
569
194
1315
256
69
784
426
1424
398
1867
84
790
829
1966
1107
1966
112
1281
316
40
342
89
348
1467
455
334
10
996
1132
637
1864
549
1597
568
245
887
668
378
109
633
37
453
1558
87
1122
1322
1103
854
425
276
231
1548
1892
467
1471
1765
498
880
494
1404
1548
862
1510
38
743
1347
1266
72
200
1368
1580
1177
1108
653
1645
395
394
1518
626
849
1742
1619
1265
817
735
303
681
1401
312
300
4
713
1513
1575
741
1681
970
1012
1221
1306
1725
895
1516
1531
1003
457
603
67
1204
478
1308
143
1850
1030
1664
489
630
1734
424
1341
692
258
1835
1447
329
1256
855
1223
1415
1175
1603
1833
1464
613
841
524
487
617
53
1029
284
1249
643
1999
1137
495
1145
567
1334
1207
1868
1123
1442
1491
939
124
1954
1807
19
1613
876
1396
712
1250
806
450
1465
105
1950
788
1217
1785
1742
73
1097
415
746
1776
1357
398
121
629
562
1706
1676
1448
1919
454
1246
1071
1595
1493
92
1691
1853
993
1994
684
1908
270
1089
185
1437
819
1777
1325
1526
1620
1172
1524
1786
734
942
1007
890
1033
1602
1223
900
1955
1851
1034
696
1719
1112
1575
193
461
761
1880
147
1517
774
49
136
1650
1798
61
18
1555
938
335
1069
922
1436
1980
756
236
853
1745
1114
1196
1310
662
1673
566
1404
1376
402
1390
1370
1200
259
1513
401
1102
1764
1825
1275
342
457
1364
170
1909
878
1243
1896
57
628
428
278
1981
1556
1402
1363
336
1900
386
462
1441
903
33
222
327
205
1050
513
1510
1303
1229
669
543
1071
174
625
812
96
299
573
1038
389
1832
995
524
1434
1890
1459
117
528
1187
1395
1293
1237
574
1952
1718
145
1661
213
1197
858
1659
1721
461
947
1917
1133
1632
1603
1432
247
479
218
1028
1884
1975
115
660
657
290
727
1889
470
344
1353
1777
1005
52
171
1964
1948
1854
1075
842
1931
1547
1739
1410
1719
1940
1219
1331
1943
1886
1285
98
982
1632
1311
1202
304
1563
142
1553
871
1506
232
285
1969
126
341
1596
1530
791
1058
1457
967
1230
1431
80
660
118
1178
1806
501
925
1817
299
615
206
1492
1627
782
1588
461
557
1644
423
1456
873
798
1658
829
1655
374
468
1411
1008
835
663
235
305
103
1502
360
1624
744
948
492
1702
605
740
1671
661
101
351
110
640
1411
1515
1505
1151
239
178
1407
1129
1617
438
798
1334
78
1297
1141
1267
1791
753
1971
1885
1002
263
1464
113
1055
968
753
1342
1554
366
503
1027
846
1695
1939
701
1
1403
204
1051
1616
1483
1712
1642
2000
595
306
749
1197
1120
1321
1080
1244
267
1166
1412
283
319
1781
1763
537
754
1615
1566
898
915
587
155
1768
1810
1676
811
1420
1821
112
1243
219
879
1135
106
729
595
1863
1390
169
1812
876
848
356
1443
1567
571
1860
330
1597
116
39
545
238
1065
330
427
179
877
1069
1307
598
1486
244
487
297
1047
95
249
1167
1019
448
1257
811
1265
1844
291
1473
1539
1172
1063
1251
468
1260
1540
859
1006
1758
1876
586
672
699
1537
429
345
1747
665
268
697
1732
1816
1151
1610
1279
536
912
1927
1520
1856
640
212
1833
38
1961
44
151
496
1901
1829
2
821
1658
488
67
1125
1786
411
728
94
786
1857
328
1214
1777
1062
1417
1375
752
287
1355
1490
1369
884
1683
338
1013
493
1698
1937
1696
1954
1779
1767
41
1998
1494
1094
1749
1601
1060
688
961
1519
1778
627
1182
578
234
1847
886
807
1708
1880
714
165
1950
1316
698
16
1877
435
9
1999
1469
647
317
963
675
1599
1983
400
956
1527
1343
272
850
1477
947
499
1475
934
223
940
822
1251
367
526
357
272
770
812
1163
957
1745
1867
685
463
1633
1879
1610
553
901
1362
1201
1088
562
1027
1084
1779
1656
1186
1288
644
1137
847
1736
1070
983
932
1213
628
506
1979
1895
1073
921
125
547
168
179
401
724
1700
793
877
1153
1538
1079
609
641
158
757
1039
1039
1239
237
1634
250
1534
1654
1575
649
608
385
1586
708
1813
473
181
228
942
1735
549
657
1810
1919
87
891
911
3
1251
404
601
365
133
1076
286
175
1064
634
414
1760
589
1216
1213
376
1078
1978
1970
936
410
1167
184
1869
242
726
1648
1472
79
1061
828
690
349
1030
1000
412
750
569
1820
64
541
1819
773
1242
1234
1568
830
361
1049
1974
1665
1398
971
1360
1273
1325
104
1069
1688
1668
1220
362
320
1380
1755
902
472
1849
1655
1488
1738
241
794
480
32
408
1546
986
1451
840
1506
1474
1095
1319
1545
1709
1925
615
658
1713
954
1652
509
825
263
1113
203
180
1775
1199
1803
826
1292
803
1382
390
1542
1168
137
1035
1972
397
1956
579
872
1764
212
813
387
137
1389
1278
1923
325
1957
1476
814
621
1143
1930
551
107
710
1862
723
1792
507
437
1571
949
1797
1170
127
1968
1729
818
1538
1439
230
1533
823
1393
202
1752
1046
748
1163
1531
733
22
1439
1482
1387
1726
1208
617
975
1737
1193
459
310
