275
371
321
335
448
13
385
167
306
319
468
300
250
218
349
307
417
239
377
452
393
286
69
319
221
46
28
81
21
276
263
351
191
326
417
255
166
486
55
71
420
324
490
488
39
134
320
487
119
381
171
116
494
153
175
34
8
183
230
497
118
87
33
287
139
316
491
330
162
80
356
13
96
120
434
231
427
36
217
55
275
451
421
233
380
129
27
220
79
216
221
346
285
203
356
271
94
7
294
403
367
41
414
222
279
282
363
47
445
410
369
358
472
278
350
465
210
471
336
330
160
311
320
213
471
183
467
71
226
323
257
93
476
38
484
238
109
83
434
30
103
89
84
362
172
498
298
158
143
302
16
273
498
161
198
342
224
48
387
443
235
9
121
205
104
137
54
412
197
457
456
444
431
212
132
126
43
83
101
390
399
446
106
234
372
75
354
297
117
148
253
44
168
152
190
260
77
495
294
381
302
394
24
482
266
443
496
201
386
429
59
108
102
449
223
15
88
195
69
121
443
186
334
474
458
389
469
60
447
466
177
463
447
85
11
53
204
473
187
2
213
77
229
351
418
289
404
313
344
15
490
68
22
136
78
437
304
156
392
265
362
40
86
82
113
267
290
462
91
258
127
144
284
329
270
179
150
147
115
439
366
352
90
137
374
166
146
256
382
345
242
383
399
250
21
483
312
32
238
465
493
170
118
385
181
441
299
164
12
172
66
114
152
424
188
328
283
326
108
440
325
486
62
85
322
155
292
124
274
155
231
10
141
215
217
140
459
235
136
31
288
112
249
397
268
378
464
310
329
293
302
148
143
264
159
295
145
411
348
98
327
401
309
4
303
357
485
344
47
44
301
454
477
261
364
194
57
63
335
20
500
120
370
347
36
215
433
460
256
5
207
92
442
115
6
340
175
450
23
359
280
419
314
100
361
206
200
339
445
368
289
252
308
385
363
99
416
485
149
219
346
111
209
307
173
345
243
282
240
281
256
193
251
86
333
174
425
158
148
407
411
165
55
478
93
230
422
402
360
453
435
331
447
208
70
321
396
458
353
426
223
365
246
418
39
247
154
117
267
480
379
236
227
176
207
332
197
337
291
270
273
421
110
373
224
357
276
262
153
107
355
25
338
400
156
1
499
184
22
298
