3984
3555
3231
3800
1778
1638
4073
2499
2792
2662
3306
953
3548
1137
3127
4912
4641
685
4650
1826
96
4985
4354
297
4131
2256
2205
4080
4167
1016
2578
4476
2019
2601
2765
2503
1755
3957
778
721
4755
1057
4570
3189
2366
1563
1532
1190
268
1091
742
1056
2740
149
3029
2456
4057
1115
1863
1781
1896
2988
1395
535
1036
2898
224
4841
2686
2489
2555
85
1868
2669
4613
4105
1500
2686
3183
2840
4333
2605
635
2065
472
1554
1377
4697
1104
3303
2707
2520
333
3807
4203
4878
4825
4418
836
4208
3766
1682
461
4510
2569
3955
3937
2986
2265
2178
1647
3378
2856
571
2547
4043
1987
1386
2473
4467
2928
2875
4357
2182
1750
2089
1139
649
2411
1076
1858
2752
2370
874
330
2352
4007
4014
729
1731
4162
2600
4157
4012
987
3638
1145
2850
4534
4044
111
4551
374
954
2976
1060
4628
4257
698
150
3692
4777
2967
2490
3323
4076
2666
489
2198
1811
3283
514
4218
1262
4040
54
1494
3370
2959
3094
4100
457
2015
4154
4247
4233
3989
1112
1435
2451
2423
3578
1963
2534
598
4856
4113
3413
2981
387
1711
2813
960
4803
3148
2632
2257
1264
3675
530
676
3606
2146
2518
1212
4251
128
1925
880
564
1902
4630
2775
3253
1629
1142
1361
3294
2699
2724
4943
2463
2671
578
412
4526
2290
14
4574
2506
1596
5
2509
2437
1753
1405
2068
605
1842
2784
4036
3793
3087
1203
156
4238
480
910
4996
4195
4274
3339
3442
545
4127
2057
4022
1832
4177
4189
3906
1556
4640
3204
1295
2959
127
3510
2957
36
712
784
1598
3720
1071
901
3417
4098
3324
3247
963
3397
3668
2595
3433
476
1446
247
1513
2747
719
602
4598
1832
4869
3754
2203
4372
2504
3425
2590
4262
3579
2553
2306
3698
3021
2906
3079
1659
4816
3186
4597
2878
108
2180
2991
3496
570
3459
2641
3437
1683
1541
506
3835
3926
2718
12
1617
3903
328
2831
277
2842
2421
3171
2908
623
3612
1803
481
2123
469
860
8
2447
1803
2073
513
3882
1282
2698
714
592
2380
2827
1683
3544
283
1870
1459
4160
28
637
1134
3795
3917
1200
2495
967
3364
4740
1705
2095
1552
595
4665
3020
3039
3663
4619
2811
2832
2636
1357
507
3947
1552
2874
402
3825
586
737
2509
674
613
1012
2906
4555
2631
935
375
3836
115
3327
1180
4922
4093
2175
3718
4721
4341
1095
4521
2966
55
1710
4724
3234
2450
2353
4609
3937
1060
949
1610
2118
1397
3386
1620
842
1658
1326
3067
2090
1242
1688
3241
1211
347
2038
411
208
3814
2306
4336
3817
230
4973
4970
182
690
4724
45
1022
2629
1102
948
1092
878
4515
4514
3009
3297
1409
3051
3966
3359
4701
1809
1698
3905
1374
2825
3686
3756
3217
2504
1963
1157
4769
3671
2072
3271
2729
4045
1301
4536
1237
3500
4934
11
4137
4590
2487
2615
3641
2732
1275
3899
4377
597
3139
20
2200
1991
4970
2392
4887
298
2923
1234
833
1892
3315
2475
2049
614
2231
323
2095
4387
1418
663
1772
4338
4891
2085
1522
4214
3255
2301
2815
2443
2150
3349
639
3228
2665
1221
2340
4884
574
4075
3886
3494
1036
258
4130
1715
2150
3739
4204
1062
1360
636
1614
4847
2896
2670
4888
106
1384
3373
753
1124
2131
4074
4303
4812
1536
246
3873
4345
1421
3499
3767
4264
636
2511
3525
3223
10
3489
3518
206
4858
4668
3097
241
1950
3320
1883
2650
450
126
4663
1956
2849
2693
3158
3691
3915
258
1828
3166
4
3870
1844
644
3181
2539
2552
1909
4454
4083
3879
1674
3802
2640
663
2016
1375
1732
1286
2298
2780
2063
1183
3448
3776
1865
4751
3798
3812
875
4626
2380
3659
3692
1720
3680
4096
2712
4977
4958
354
2897
1370
3242
2819
4017
1999
1192
4062
4165
446
1154
3414
4271
51
4095
1907
3574
3006
3333
1339
864
3444
1251
4798
751
3895
3651
2965
709
4753
3330
2104
4998
4052
2854
329
4490
796
3488
3535
4982
2236
15
518
1358
928
572
958
90
2091
1136
3591
3191
416
2643
816
4862
3888
1452
4710
4007
976
4471
3781
661
1850
2003
3945
3388
4725
1820
2958
1089
2825
4006
1983
1744
3928
1368
1093
3221
281
3875
3488
1817
627
3372
4789
4026
797
1557
3700
3916
3393
4162
2389
1890
4260
2243
485
3598
4937
2596
4994
3252
2598
330
491
4784
3556
404
3556
4824
1116
3800
1208
1502
4610
628
4762
557
1775
2895
956
1548
2695
202
3595
4737
107
2895
972
379
3565
2881
1582
4179
885
3184
3236
3884
3893
662
4998
492
179
4216
978
120
482
3098
2803
3658
1815
1362
1326
3277
2804
3571
1690
2021
4233
4126
3214
2549
1246
844
2798
4086
432
4122
2580
3523
338
3574
2568
1084
925
4915
1383
1278
3095
346
1968
137
2948
4889
1595
4570
1046
509
4517
863
2122
2918
2935
2995
1430
2606
4501
1786
1901
4794
3939
1961
3605
1328
2138
68
4228
1612
2838
3247
2429
2969
4734
832
4810
4779
2694
2581
2260
1618
245
3205
4920
4021
1252
2199
2276
188
3592
1928
3933
3552
1197
3508
2098
2678
4860
2080
4112
1764
1337
3943
843
559
1933
63
1566
3974
131
2773
4087
124
2145
3041
3911
2447
2281
3838
1562
525
2751
4140
2631
223
3474
1513
1540
1451
4249
2770
335
3582
3876
1636
900
1766
2645
758
1166
2516
2427
3491
1719
4478
2168
916
2369
929
1179
3488
2302
2414
770
452
3021
4668
430
539
4516
1370
2701
3531
1985
3618
3709
4414
4144
3730
533
1231
1181
4320
1814
4006
3243
2391
168
3664
4223
3210
1657
1939
4693
1443
2052
4405
4538
1302
3083
2358
1796
2797
3771
1499
747
1634
3705
3311
4618
4767
1449
861
2612
922
1944
768
4203
750
1508
3146
4485
446
1427
1938
3479
3667
3500
3385
3805
1808
1007
403
2915
175
3930
4515
1260
437
1275
4362
940
3743
3316
2148
2244
4015
2653
991
1996
3089
2577
973
1964
2471
2988
1141
4661
2002
4382
3408
4644
3420
926
531
2828
4180
3073
1592
1630
385
2963
4058
645
4946
4865
3031
1184
306
4336
776
2441
1995
4800
1859
3865
3252
2789
3152
2758
786
4880
4978
903
116
2975
3891
1439
2766
3404
4864
1830
4400
3541
1813
3022
4156
1613
2893
3636
464
3306
1135
3182
4851
722
2316
2151
2607
584
1937
1920
3258
118
1945
1969
1235
4511
4035
2500
4009
733
3866
2724
4682
1350
2560
869
2795
3653
199
1822
1268
280
726
339
3514
3138
3769
2798
817
2086
1543
3457
3887
4544
1810
2171
4442
2513
219
2962
3785
2968
3284
4764
4934
3175
2593
4010
3077
4892
2941
3590
1763
810
205
3707
2223
394
4210
2042
4139
3052
2464
2470
3434
2964
3398
4674
4209
3564
886
2652
4298
640
1298
3540
2485
868
1084
895
3962
2820
2268
691
673
2993
2149
4522
849
4226
4921
424
1467
599
1478
1374
2429
732
3833
1249
4170
3122
1616
2373
2904
4066
1945
1381
3142
537
2137
766
3336
1142
4853
2477
4172
3932
2603
4318
3728
4123
4691
319
4231
1770
2742
3822
2114
329
511
2334
2721
2757
1001
2537
4312
870
1055
3511
4727
1522
4056
324
475
2949
4363
1517
1543
4403
902
1009
1108
4267
2936
618
830
1904
4566
4626
2809
1539
253
4498
4141
4932
1073
1023
617
3465
4631
720
4081
4211
3633
2062
383
2081
2153
1032
1359
1457
936
4401
3979
1357
1410
3621
170
2163
4417
983
1334
3132
200
2548
3042
2199
4546
2787
4686
1984
2004
2294
4131
4285
1304
539
3378
809
1240
3953
4118
3276
3250
566
1777
478
2013
39
3124
2420
4019
3414
540
3260
4310
4062
579
3061
650
4006
2228
859
2934
1662
2754
640
4070
2508
794
3102
1298
1546
2865
1911
890
2901
4090
2058
2768
3256
3663
2932
1747
1966
4905
1438
955
4855
1455
2469
1088
2996
1891
50
2544
1434
3700
404
3538
1400
3027
3063
1433
2677
2822
3345
1784
4266
2433
3278
4743
3453
3951
3213
2622
982
2834
4975
1590
3145
2157
4431
735
257
1331
4745
1706
936
2078
2833
2582
4455
2295
3887
3938
771
2391
722
3797
3239
3981
3176
2165
1508
2048
4651
1625
894
2524
1323
4001
4136
2371
2279
1631
4733
2812
1829
2300
483
4637
4683
1760
2623
4715
3193
269
2245
4413
3188
4531
3674
3085
34
1535
2357
3715
1259
1642
1862
1227
1865
1219
1587
1974
2651
4555
2915
136
3387
659
4907
406
2468
290
2139
4195
1729
2606
1523
43
3796
4477
984
2682
989
2089
4367
4047
4994
523
1030
3498
4107
2656
2455
4563
2083
1255
903
4793
3353
3829
666
825
3314
3084
4775
2445
4343
769
572
313
4868
2900
2501
4207
1065
1002
3622
2299
3649
2950
2845
1470
2423
4821
950
4903
4550
2697
4110
529
4115
824
762
1216
1173
1814
4714
3745
1341
4522
2055
3589
1437
1403
1237
2499
862
3409
4645
1611
4902
2680
1603
730
3126
3588
1728
93
3822
185
895
667
1923
1063
455
4691
854
2465
972
2763
4242
923
3211
1152
2576
2939
3572
2971
4713
1142
2194
1855
2153
2523
3334
3640
1527
704
3008
2637
3543
4852
2002
3512
4933
4083
2079
2920
113
55
3962
439
4530
1050
2926
2719
3648
3448
519
267
3532
3447
4479
2642
4738
2139
2762
3588
855
4449
3011
4063
3631
1017
3156
3430
2059
408
4636
2949
1028
1140
3321
1355
1978
4229
3978
3143
723
1538
409
1929
3750
2667
1103
3085
431
4928
240
2800
2838
1408
4201
2285
35
1087
2361
1484
4364
4417
1932
2183
2148
493
1163
3197
3463
2635
1368
4941
3643
239
3262
468
1177
1915
3108
1648
1859
4664
1872
4137
2525
3032
710
696
4625
1854
379
3355
1962
4266
3043
1198
4239
4665
3672
4840
2512
4255
4601
3092
2644
3291
1052
2023
2269
3332
4545
256
1416
2880
420
1397
4819
4729
4504
1158
16
2966
2727
281
71
3513
1064
4896
2173
765
2515
4473
1798
800
2758
2294
2679
80
4474
1187
387
4184
1615
4532
2286
1332
36
4700
4772
4470
4754
3281
4421
1021
3687
757
1043
3225
4928
3661
248
1367
4633
1389
4119
550
566
1072
4661
3376
4308
4876
3350
939
2760
4946
4219
4866
4438
1774
949
4401
943
353
3006
77
1726
3860
2430
115
1923
3596
3337
681
4688
3469
2374
271
2871
3970
1696
2403
4129
4301
1265
2609
4678
815
2110
1058
1477
596
3475
2188
3258
1364
2937
651
3447
3889
3117
2070
986
858
2531
3570
2042
1267
4709
3677
1761
2467
3663
2390
1577
1468
2689
4203
1561
4767
680
110
4426
494
2163
2297
3400
1558
599
2697
1696
1991
3965
3949
1935
4935
580
1150
2351
1196
2587
2883
3293
3004
77
2575
3014
484
2116
4769
3784
893
1707
2398
3724
2434
1260
1411
3666
4790
289
1419
155
1565
1113
2227
4029
1821
4038
3849
4111
2930
389
2533
699
1602
1438
998
500
1131
4565
3634
3791
1470
4757
361
1327
3007
4637
4171
767
2365
1898
3010
1214
184
3890
1431
3452
698
3807
4293
3736
2360
561
3136
2232
1061
1790
4883
2384
782
1906
3268
3035
1256
323
3423
771
1486
155
3804
4167
1119
3853
3227
4380
2621
316
461
1894
1472
781
3391
121
4423
3743
1699
1989
3615
4005
4583
483
3827
3826
4831
4562
4722
352
611
4178
2951
105
546
2414
691
505
4696
1325
914
1276
3113
1966
3280
4817
1062
668
2407
677
3550
1721
1864
248
4504
2830
2533
4706
3758
2946
4788
3296
542
1544
4294
689
4325
2803
1417
2565
2333
2253
1576
3024
2016
1130
1650
3509
3162
1345
4095
4085
450
4337
4873
1753
1593
3986
3144
366
3646
3753
4502
2746
2284
3263
4134
2611
880
2859
2620
948
2224
4194
686
1557
140
3287
970
2329
3712
1597
2617
4667
4881
2749
318
3585
521
3155
1823
2615
881
3613
602
4347
1672
2448
973
3678
2749
4389
3683
2271
1090
2039
2672
2364
984
4992
3652
3573
2823
4067
3637
2823
1308
2835
276
3830
393
765
3536
4801
153
2467
1475
1097
3015
2129
3341
1293
4102
688
2068
619
2093
496
4921
3911
4225
4495
1307
42
3373
2800
2336
2466
544
3336
4616
2482
2574
1594
2872
4939
700
130
2032
2147
3603
4128
4983
1537
1312
1018
4075
3726
340
4375
3174
1616
4939
3757
1803
1193
1309
3432
4313
3266
1596
248
1602
1526
4926
2518
1088
648
2000
86
4353
125
54
764
3840
3778
3780
1122
607
3454
2597
53
616
913
1861
1432
355
2452
4420
1049
244
799
3382
1851
1059
368
3948
1992
1649
2992
4752
3595
2176
2438
332
4258
1495
449
3245
849
2170
1483
1079
4435
1266
2117
167
1821
178
1754
2979
1037
501
1017
2045
1775
4951
2035
423
1582
1025
2166
1435
2929
4781
4319
553
3995
1120
4001
4042
185
2673
2171
59
3779
2938
2250
295
2861
4150
728
4499
2736
2364
437
3045
2584
2174
3208
3418
4039
1225
1575
1816
2967
4279
687
3185
2271
4188
2449
2453
2323
4813
1673
1533
2802
2877
1703
4399
164
1008
3451
1252
2830
2468
2689
857
264
493
2886
3927
4048
30
3546
590
839
2086
1013
2851
2882
3138
4224
1217
2354
1649
4101
3935
1220
1702
3010
299
1166
502
4282
4143
1014
3149
4395
306
3363
4309
3374
3955
4518
3554
4147
4533
3261
2996
1080
4472
1061
4295
4707
3616
3622
2943
4390
2214
711
1082
2899
1436
538
3445
2179
761
4350
4158
3248
647
3526
2392
4118
3885
327
2014
2573
2393
1516
1652
773
4355
2262
2942
683
4671
213
381
557
4138
4576
66
463
877
4153
4044
3223
3668
3040
2126
1239
1888
802
627
2658
1573
3740
2726
1185
4445
3068
2841
551
4032
1319
1852
1968
851
3809
2245
183
204
3439
4254
3221
3267
3053
3406
3946
3898
4675
4366
3537
2523
4712
3501
493
2613
2096
4815
1461
1224
4624
1063
4968
2445
1283
1344
429
4418
2529
5000
4396
2296
2517
4668
1372
2485
932
925
2651
2626
4250
2247
574
320
418
3801
1905
3181
1943
1644
755
3665
3462
2269
4060
3547
3216
4120
3412
73
1069
2403
92
3627
4031
4687
1503
272
4649
3632
2024
1676
189
1802
3571
2158
463
1024
1812
777
4309
4358
788
2111
664
2848
1352
128
2517
4435
745
1728
4509
1340
2844
3003
533
1569
2335
3155
4382
3760
3973
2759
1054
3465
1182
3385
1320
2638
4627
2193
3013
2502
1740
1988
1047
2788
3099
3385
2518
1177
4296
3233
3716
4276
325
1817
795
4703
4486
459
4811
280
2561
530
2177
1257
2144
3165
1972
526
3586
555
4647
3292
766
2261
1442
152
4453
2528
813
1511
832
243
3012
2990
1465
4360
1017
3056
3309
3240
1102
4449
3942
2459
761
2317
2476
2230
3839
2790
2538
215
2799
4145
965
1022
4466
2086
4135
287
3765
3475
2076
3834
3630
3435
4785
2556
4460
162
2248
892
504
2911
2870
2826
3189
4713
3119
358
1321
2365
4945
1993
1153
55
52
3232
160
1226
3816
531
4205
4936
960
1459
3137
4837
1274
3994
3460
3130
3845
2802
2212
2327
3991
3527
2940
3709
4230
2011
1018
35
2640
1044
1537
270
874
4894
2510
3090
2060
4528
3557
2870
323
3411
10
4393
1735
4552
4397
3817
756
4605
1176
2050
3729
2347
4967
2927
1588
3696
1365
1200
502
4571
1138
4091
1384
1244
2190
4469
2338
128
4652
4146
1
2317
634
1024
2695
2761
1714
4312
884
814
3027
351
2167
827
4332
487
3342
4985
1671
2745
3057
1380
1880
3538
3673
2395
4241
1545
624
1551
141
1160
4155
3549
384
977
4041
600
2325
2543
4680
3704
3772
3239
4738
853
4923
2445
4374
3427
1873
4378
160
3749
2483
3198
2509
2776
3877
2305
4299
3046
3096
484
2417
1493
524
3183
4691
3492
2318
3786
2628
3730
236
1605
4434
3481
166
4734
1505
4716
26
85
4080
2743
1445
3484
4902
3104
1912
2304
4305
3828
4831
783
1641
4908
3521
4252
1874
1701
4684
3759
1234
2675
3659
418
2819
4287
1930
1271
2409
1314
2342
930
1416
4685
2035
1679
787
889
3228
709
3722
962
1986
20
4781
639
2753
3968
508
1352
3815
3734
4339
3710
1692
809
2436
3748
622
3040
3493
724
4430
881
2919
2465
4586
4415
1125
2381
97
2115
1368
1338
1497
2716
847
4261
2604
1632
818
590
487
1050
2656
2350
119
4064
1253
2742
4660
515
3725
2563
406
103
158
3179
1952
459
1026
1572
2461
391
4843
2396
2956
3920
3503
3522
4901
1787
1560
3059
4457
2283
2654
2338
1121
2909
2072
4528
4459
4976
1322
1914
4185
4152
3332
4774
3923
4890
266
2387
360
3540
4234
1721
2778
4869
2852
2559
3950
4409
1542
3635
2719
2868
2101
3069
1498
148
4024
929
1369
4669
3044
1783
1678
2092
1594
2349
2431
1233
2277
1428
1584
4567
3049
1081
4182
3893
1457
1425
4691
252
1639
2630
4277
4900
3772
2018
2248
445
2463
3502
2978
3249
2602
652
288
2709
4844
311
3902
2068
879
913
942
4286
775
3231
4437
4408
4509
4199
4206
4493
3647
498
4125
840
818
3867
2107
2419
46
2211
1638
374
3880
738
4265
273
3448
1486
163
4212
2541
1243
1532
4871
4194
1117
749
2197
1390
4359
626
3356
1075
1564
4929
2660
4561
3008
3508
549
1955
47
4806
3015
2257
1114
3862
23
822
647
2697
2242
4648
1139
2913
1632
801
793
3961
4944
129
4489
3506
150
2378
388
4851
1531
4689
3952
232
1601
1707
2525
4896
2055
1347
2720
1557
3858
823
4319
919
3516
3958
1653
1655
1768
3273
1454
4592
2
1924
2655
2220
1759
1131
65
3941
3486
646
2860
16
3077
4756
3329
3990
658
3244
3356
1235
1940
2529
4419
3396
1011
2491
4078
350
723
4218
2853
687
1779
2966
3199
1205
2863
715
963
2231
2025
4357
363
364
4759
503
2415
885
3821
3763
4969
2218
1847
3654
908
4931
4920
1824
1712
2633
4823
4068
1612
2130
4144
558
1620
4284
734
2620
1213
3482
4670
1730
4065
3794
866
2750
2626
4183
1349
1567
3863
3036
1797
1127
3727
4029
1621
781
2143
3363
279
4451
4720
4400
4956
3487
4553
4130
2337
1512
3810
1675
1275
884
3230
1882
4081
286
883
3164
4181
1884
2351
4328
4763
253
176
1039
2828
4464
3023
1731
72
568
1430
3655
4003
1277
1393
3582
4368
2172
2184
2439
2616
3564
2646
2611
3298
1748
305
2538
1556
2466
540
1126
681
3393
1444
2376
2330
1820
3259
2289
1614
1637
4875
88
3754
4806
1127
4106
392
289
4487
3654
634
621
3738
1100
527
4319
2010
4015
2836
73
3626
4797
1908
3067
1712
4132
1548
1507
4254
4549
3461
3662
834
4910
2955
1848
3103
4465
4709
4461
543
517
1202
4919
3434
3240
3980
4352
4089
296
3922
2099
2503
1156
2012
1364
753
3497
3123
2814
4207
2907
2711
334
285
532
4865
3067
2744
4993
1426
3674
2564
4936
4493
1665
4365
335
29
3830
3998
4827
293
3546
2629
2460
2912
4047
4828
3415
2862
1298
2348
2022
4057
1197
1133
2550
4352
2103
2700
4021
2795
3600
99
3123
112
4964
2418
4096
451
2982
3153
141
1328
4388
4319
3290
3000
1867
3697
3389
891
3948
1496
4742
151
3473
1184
1591
2931
3357
4149
4909
1603
2750
4173
2718
1299
2157
772
414
16
2234
3842
3192
2373
4529
2204
3790
3582
713
2319
4694
3022
456
1975
382
2616
109
865
79
2922
821
4151
2160
4322
4659
282
503
4503
2069
3410
4294
3441
3224
4439
2782
3567
2714
4505
1070
1488
3106
1445
2684
3624
3847
4718
4351
3878
2212
3952
1136
3302
2372
405
1697
2133
2514
2440
1094
1918
2044
1355
4981
4292
1254
4791
1444
3237
4612
4272
3773
2164
3773
4384
205
1868
2867
4943
2273
1561
2252
3367
979
2192
4974
1549
1949
3708
70
1833
1225
3151
4482
3325
325
4995
2259
4621
642
3578
265
4867
701
4869
4327
3207
1724
3105
4369
4948
555
2810
3796
3725
838
2409
1451
4594
4150
4136
1619
4872
1681
2527
1424
2296
123
89
3559
1006
1759
4778
1739
3604
3658
1361
4771
1990
2952
2692
2664
1186
3767
395
4708
2041
3424
2133
1182
3859
486
2005
3751
2136
4861
1529
947
942
1590
4208
3371
3121
2497
4584
558
3505
803
4497
2771
2924
4988
3742
4027
2741
1189
1536
3492
1152
31
2169
2791
4180
1853
946
2931
169
1204
574
1306
234
3876
1096
1672
4899
3789
1011
1204
3416
2496
3788
4723
4680
4127
4113
3026
2090
804
1666
2767
904
3855
2458
4845
3818
924
610
4084
3706
4045
4010
1742
1509
3762
4891
4728
774
4446
4982
980
98
4683
1896
1252
2617
1708
2648
2984
1115
3366
4108
310
1743
3869
2692
3474
4547
4924
4071
4427
3667
2515
3014
4072
3569
4595
4307
2625
2974
3993
1953
3422
718
1270
3358
573
1547
2309
1181
4094
4980
630
3856
2195
625
4569
4820
2921
3163
3644
1667
4190
567
1691
1921
2303
1296
1458
2047
2094
2221
4359
1313
3070
2852
1232
2291
1429
1447
2014
846
3614
2585
4130
4978
1485
4000
783
840
2154
4291
3670
4497
3106
3172
686
3774
1143
4238
1151
4283
4667
3200
2261
3264
4293
871
4566
3214
4581
2696
1521
396
198
2885
3394
3212
537
2135
3229
1941
1800
2336
4391
4392
4412
164
3979
1663
2570
2876
2210
2888
2847
4744
4025
2914
4550
1353
3070
3650
1469
2384
1922
428
4735
579
1426
3802
3076
3580
829
1857
2037
4334
192
1161
13
1178
748
286
3909
1284
3448
4668
2798
3840
89
1398
1980
2540
2251
1643
2040
3216
2472
51
878
1897
2401
2383
3086
4607
3426
758
3272
27
2421
3005
203
67
1570
224
4174
1141
1128
4088
2513
3265
2943
2731
1722
60
338
4972
4121
4034
1645
1626
1903
4642
785
3238
177
3217
3409
4587
675
3261
582
3959
4329
1489
4005
1373
2341
1357
1885
4859
2085
2355
1704
425
4159
523
607
4609
2919
1145
3921
3125
4142
808
4863
1391
3718
1970
4795
4331
3392
1737
4761
2027
3466
3390
957
4345
632
4608
4120
2400
3905
4236
377
4164
1497
4240
4237
159
1273
434
3619
3088
1894
3620
694
87
2314
1977
551
3872
3450
172
4268
1389
1311
3002
3018
225
4029
4971
2084
921
542
4192
1250
395
3854
1517
2365
356
4077
442
477
301
4051
2837
69
2732
3233
968
2902
2393
2479
4288
4429
4650
1642
4670
4452
4848
633
1171
1501
1389
3584
1692
2459
4739
3464
593
2519
3766
1118
1294
1349
3062
4925
2267
3883
4795
2723
1462
1268
2102
1694
729
4638
1959
64
1600
1005
3309
91
2728
4857
4215
3187
4556
3405
580
3949
1670
1850
3837
1893
4575
1514
4198
4897
129
2546
682
987
4273
2793
3431
3501
4704
2181
4155
657
4247
2413
1420
533
2020
4730
3269
2699
2658
1742
2994
4731
171
2359
1352
3560
4275
3179
3239
3485
372
824
3288
830
3733
4294
98
1916
825
1279
3016
4263
1067
3019
1615
1223
2536
1643
165
4222
3235
1568
990
2915
3456
3277
3990
1684
2308
1515
3988
33
3107
2235
3580
860
4692
3684
345
1106
321
2858
4963
4836
1736
161
3746
4425
1434
3048
4931
1713
2515
3399
3466
227
3313
133
300
3064
200
1598
3003
4004
1576
3777
4554
1519
739
791
3534
3346
3325
1561
3758
3718
3768
2825
3318
4221
3554
1580
1394
1932
4870
3902
3783
2029
3622
2583
4807
1348
3061
2046
4333
1434
4361
2659
1278
4182
2274
3066
2989
397
3098
2438
3639
4033
3797
3047
1396
416
3082
341
1378
242
2983
2119
856
4069
3684
3074
4830
3326
2132
861
692
4485
3029
1745
820
4202
4772
259
4
1490
4142
4697
4527
4327
1527
11
4655
4050
3206
4097
4168
2947
2708
1021
2572
1757
4736
4993
143
1325
4507
2697
3934
1587
2808
1303
61
1305
1263
4415
4419
4572
3871
3279
4104
2407
118
3803
4965
3091
153
376
2120
543
2515
4349
3483
4402
4766
3806
1808
254
4395
3395
1581
1269
2312
3141
490
4016
3985
1015
3677
3761
3685
38
3681
1247
1074
1589
1272
1164
985
891
2255
784
740
4539
400
1997
2703
4681
1502
2009
4776
3353
471
3593
1101
1469
4558
1317
1023
1309
3454
1492
1585
4311
2321
933
2961
2329
2758
581
3628
2328
4959
1805
2206
1869
4707
578
818
1980
3165
1937
1661
3305
1316
4914
897
1218
1578
4773
2610
2704
2375
1734
4228
4666
1453
3764
728
2733
354
3132
3301
4849
3130
3524
3964
4559
2209
2567
331
1019
4186
2579
2216
1885
2816
4916
1290
3375
117
4984
3841
3653
3711
2031
1403
609
4346
1911
4662
2960
2045
718
2138
122
1718
394
3696
111
261
246
4259
2974
359
3743
2204
1553
966
1973
4520
3180
337
4543
3393
3594
2599
94
1703
1836
4698
4664
951
1992
4719
2571
1715
3304
4957
3058
226
4321
1235
1169
1055
4535
3382
1633
2510
3333
4403
1756
2019
3189
2631
4166
3561
2869
2910
1287
2316
837
3056
4699
3169
763
2128
4707
2628
1843
936
701
2806
4858
134
1910
941
520
1123
4324
848
4585
2722
4379
3851
2208
4694
251
3478
3530
2226
4780
2196
3147
401
3960
791
4525
2627
433
1014
4895
810
2439
4826
3904
4557
3929
4801
3072
3735
3100
2432
4512
655
360
807
238
2488
219
2624
4748
996
3361
959
217
3974
3355
4850
4760
3137
275
4389
3219
4879
3172
1880
1772
4950
704
1494
4871
212
3442
4680
3190
2677
2404
587
4804
4694
4244
2282
4126
1981
3846
4629
4290
4651
1772
4607
712
1947
4426
4132
1622
3844
4634
2486
3843
2666
4747
2879
1342
403
3660
4053
1775
3840
2494
3347
4757
3669
789
1685
2844
4479
4589
3081
536
1099
465
854
4770
1678
2686
4522
3881
4676
3913
4925
2781
4442
2004
4257
827
4189
512
4913
1714
1414
679
2297
221
913
3811
3609
1819
2737
3961
4030
176
290
222
4967
1936
1525
1681
4804
1613
1463
610
4398
3069
2734
4578
1899
3330
3007
2857
371
4899
1733
1834
3587
3987
4958
233
1129
1034
1413
583
4949
2051
1385
3175
4952
585
3343
4027
17
348
2907
620
1420
1979
1677
1755
985
1738
2984
2191
3528
2343
2674
727
634
4227
1195
656
2764
1825
2839
4669
779
3577
1292
3413
1759
2586
1773
3971
3159
1758
589
2285
232
1281
2999
584
2921
3050
4814
2166
3251
4602
4763
113
3968
2203
697
3037
22
4805
2706
3581
173
3222
3977
1460
1076
4342
1351
3878
3741
458
454
1586
234
2488
3215
1513
4139
3355
1245
1997
792
2789
397
4187
4165
3446
2548
4329
685
303
398
4942
2008
819
4604
2985
503
4038
2264
4822
2270
3308
236
3037
2406
1086
2053
1011
1291
269
1162
1909
563
1455
2738
2286
3825
4764
1626
4288
44
57
653
474
955
1261
56
664
3299
3160
2006
4023
3117
415
4519
1599
4966
4252
2985
2109
1934
3421
2951
2884
4488
4145
386
391
1387
1248
3001
1415
1148
4717
285
1159
1865
4989
3551
1654
3114
2543
3025
4856
314
4413
1050
4615
1889
4246
1876
2424
2668
2756
3455
473
4537
3701
1795
4396
631
3682
585
4252
2010
594
1367
686
672
969
3563
760
2927
2339
2081
1107
534
1877
1206
1554
909
4369
4559
3085
2105
806
1053
3020
4746
4278
6
822
3157
1005
1660
2831
2105
3173
1658
1129
3723
4323
4603
4348
1310
2100
1530
1356
363
556
3586
2769
4833
905
4102
3956
4166
4771
411
4314
2186
3203
4511
1535
994
1444
3617
3892
1070
601
3570
2779
1100
4037
1487
2721
4632
1868
1852
2998
211
196
609
1388
4144
2505
4557
2661
1776
1796
1749
4885
274
1771
4356
362
467
3717
1464
2064
2553
1247
2043
339
4235
3992
2185
1782
1021
145
1838
577
359
440
3344
3028
1680
4018
3369
2356
4362
3
602
1591
4481
2313
4458
1550
1364
4632
2033
4517
2995
2805
2535
2379
2029
207
1682
4789
4560
2511
866
3673
1510
2614
3204
2385
4750
4898
4599
1789
1785
736
1038
380
3447
4245
1302
2127
1068
1485
629
4927
3131
1010
2412
665
632
3525
2095
499
4874
134
357
2898
4726
2424
1468
1473
1764
1031
2241
2394
4614
1799
4551
2717
1578
4890
9
1199
3420
1008
495
3896
3300
2801
2608
4954
3246
1032
4514
1606
3112
896
3054
2077
883
4740
1498
2894
2639
1884
1460
4542
4306
4918
1504
1639
3747
934
3101
4997
1037
2181
972
3480
833
3975
1693
944
1958
4432
413
3078
4961
2926
3310
1094
4284
3299
765
3967
527
3605
3980
888
4975
1958
3566
2020
250
3017
1998
101
2419
3194
3831
4643
3003
3267
1200
4454
3517
1169
4540
210
2637
3414
4623
2074
4294
2100
880
93
453
3297
