791
208
18
118
32
509
760
729
936
78
622
230
564
147
981
398
270
439
822
987
673
53
989
633
959
474
433
559
533
187
397
495
713
820
181
809
136
244
985
724
954
735
601
652
211
526
545
103
759
10
664
483
190
618
617
467
529
110
358
889
817
779
156
804
177
546
699
980
535
394
683
745
609
373
818
903
331
655
595
542
840
512
101
814
575
242
40
318
671
304
557
754
166
580
119
4
234
19
837
849
463
313
780
268
35
66
676
805
563
898
883
388
274
424
70
368
115
616
927
285
38
865
179
297
783
810
799
680
585
690
728
170
801
472
122
220
1
647
239
369
255
375
309
577
83
224
99
886
648
550
403
720
245
897
951
145
105
996
493
157
848
879
204
247
741
312
96
896
732
829
281
787
823
660
391
80
289
81
774
522
888
341
390
491
232
928
637
280
346
161
461
842
222
803
836
610
216
214
392
626
931
504
834
521
749
112
77
445
307
913
37
420
376
31
704
934
592
133
366
93
417
171
788
860
30
414
356
688
520
451
141
631
336
892
357
6
552
899
135
893
123
65
506
993
935
596
322
16
782
111
566
186
51
941
29
447
642
480
965
719
703
569
665
994
734
98
213
895
701
845
797
571
446
598
114
22
351
869
615
581
5
632
505
524
627
705
389
740
68
380
877
926
744
874
940
736
844
180
108
904
218
833
155
608
792
955
481
500
14
79
238
693
378
354
60
476
210
974
589
603
41
333
556
344
412
434
982
353
329
667
427
979
747
267
657
202
462
441
531
519
459
292
243
436
151
697
69
406
586
831
450
852
594
768
919
169
702
838
153
432
240
761
553
672
857
937
853
287
273
486
950
107
912
431
751
861
149
543
658
621
815
193
712
716
63
338
266
282
228
958
758
602
502
45
514
541
250
321
949
393
377
675
23
209
386
924
164
46
582
275
789
812
947
252
470
430
20
130
846
200
718
330
227
286
536
464
828
957
640
875
456
756
630
71
902
158
798
387
84
134
272
607
34
3
715
334
189
733
742
487
185
871
352
484
163
714
468
946
739
866
409
442
364
906
317
963
402
9
999
623
473
479
763
685
646
855
460
359
975
489
757
116
653
891
337
410
753
26
39
539
766
175
687
907
508
923
969
872
492
276
706
966
449
168
283
360
150
363
590
856
302
689
991
511
347
233
295
144
43
418
106
207
325
661
555
530
567
992
916
884
86
501
466
859
57
52
265
679
348
726
15
411
61
864
413
662
825
674
192
851
968
293
258
915
613
929
548
482
399
710
628
925
887
597
863
826
570
259
750
457
174
862
324
308
205
686
97
453
62
288
811
551
819
405
995
104
507
102
382
534
310
591
435
873
374
850
656
549
91
914
485
440
223
90
11
796
203
44
298
443
666
199
385
882
249
830
707
248
881
422
48
448
824
668
523
669
962
296
12
681
314
978
997
75
572
465
765
82
917
649
527
125
121
172
670
159
953
339
499
858
560
841
711
695
636
731
395
905
777
165
619
784
948
407
554
600
516
256
990
206
74
72
478
198
25
611
246
682
795
471
800
490
49
854
827
262
212
909
945
867
290
349
475
139
650
361
236
221
587
876
195
565
426
698
638
428
813
938
401
196
786
162
839
677
624
691
644
235
305
943
294
152
971
970
92
372
184
458
50
137
510
635
944
584
977
725
708
515
88
775
278
143
33
910
365
721
56
930
525
748
381
320
737
976
540
323
263
178
355
140
961
429
291
315
253
303
17
503
513
942
54
191
201
773
684
300
497
21
561
654
160
494
808
790
319
425
73
260
967
835
229
416
793
7
279
629
87
743
455
188
776
264
960
746
781
415
939
371
752
709
89
423
498
94
129
880
583
692
920
794
700
890
124
612
518
284
807
55
767
532
900
261
183
755
8
437
639
576
269
901
469
343
588
396
225
832
24
342
117
606
579
764
95
496
762
301
257
254
176
986
36
620
528
821
335
345
885
404
27
727
477
769
146
154
843
599
340
109
956
42
538
131
13
299
645
574
894
113
816
593
327
332
421
47
237
908
58
659
722
643
438
142
226
604
772
138
132
384
870
148
231
972
271
167
454
651
28
241
64
328
878
400
806
197
964
419
306
723
215
911
67
367
918
173
59
922
277
488
350
663
605
537
694
370
973
562
452
625
988
998
771
568
316
76
326
126
738
952
983
573
2
778
614
544
984
444
517
120
634
785
802
717
182
921
770
219
578
868
932
678
847
383
933
127
730
100
251
379
558
194
408
547
641
311
696
217
362
128
1000
85
