3179
8207
7154
3627
8817
1328
2896
9425
1603
5277
2095
8583
8649
6322
5186
1280
6315
8656
415
4303
3960
8637
9994
4499
3899
355
3073
8032
4293
6890
7078
528
2988
7541
1915
6496
1259
2132
7836
7536
4639
754
2823
6555
1095
2231
6317
8878
5472
3304
8238
9729
9940
7892
4078
5038
8063
2098
455
5629
3913
8171
8609
1403
6177
3380
9778
9961
890
4603
5439
1518
9166
6653
1885
7733
4929
4374
9936
924
2517
6230
7310
1882
7136
2506
9955
5363
2950
3776
7284
5248
1580
5625
3887
7115
8256
4382
7022
1233
6285
837
2019
4308
6424
4546
7799
7100
6188
903
7699
5417
7987
7986
1853
5708
7906
3577
767
8976
9000
9827
9319
6056
1613
3192
295
4797
3152
856
1694
7042
5116
6489
9298
3863
2917
2873
3992
8168
2367
998
3713
3669
3330
6418
5031
4356
3237
2959
4010
6751
7279
7499
7049
5811
2903
2450
4055
4373
307
2059
8061
8677
7192
9111
7084
5332
9922
1742
1326
8781
5414
5493
2565
5959
1184
7567
211
3789
5911
604
715
1059
894
3557
7597
5005
2598
6441
7019
6195
6882
8130
7392
7338
9538
7177
1978
7367
2713
2954
917
6333
5610
4421
3671
8725
5445
2307
6908
7898
6246
8901
836
6633
7101
1200
7139
5569
6348
2274
2625
3850
4801
7657
8471
7612
5316
2422
1851
8118
9609
7941
9033
2197
8657
5081
5103
8709
4190
2724
5380
8957
6151
3946
4254
7807
3861
5692
7071
8247
9852
1943
609
3915
6178
9734
6079
8468
6078
984
3020
8262
5280
4749
2236
8984
5350
7436
802
7417
1066
1316
3683
6715
1467
3999
2058
2269
1269
3126
7292
591
7243
9096
2695
5996
6146
4857
5660
2696
5735
9525
6873
2013
4657
8603
3980
6734
7138
6025
6502
6739
1016
7582
5961
6148
6984
2542
8949
3477
6860
5615
5901
9187
9612
1136
9757
6969
5604
8739
214
8407
2588
1877
4785
5035
3010
2960
1560
1513
9535
8867
9968
3127
4233
629
8616
8408
430
9307
5658
7884
4260
4414
3150
2968
4243
3089
8024
5222
3109
5534
3176
2279
6513
9487
8382
564
61
4683
6434
617
7584
6236
9072
7359
9370
8559
8865
4957
571
8175
5021
2511
929
7459
8267
7903
2369
5548
1706
6147
3573
9807
3629
6872
9971
7023
6965
8199
6548
3968
5805
7148
8735
1265
3
8642
7969
6142
4688
643
5856
8181
7886
5854
1366
7189
1215
7156
4482
1691
724
1925
4821
9479
3157
5888
2579
3490
5360
5290
9409
3456
4575
6185
5593
2309
3990
4823
3919
4560
6396
2479
1306
6259
4538
8069
6063
6430
1472
3394
5227
2609
9714
4654
1763
8906
4867
9496
8297
210
290
6912
5164
9430
9926
266
5559
6134
1243
8581
4047
2473
4140
7773
1859
6272
3488
8473
7792
1263
5359
6780
6923
4159
2075
5095
1828
9396
925
6375
5165
1913
399
3906
8084
5216
2409
3602
5016
1227
2377
1476
7158
2094
222
1552
6566
8435
6468
3797
922
8223
4092
36
5814
5506
7649
7435
3544
8955
4266
9854
9695
8905
73
4267
6899
4702
1567
4227
8393
9890
5096
1222
2738
590
1353
4515
4623
4893
1625
9684
6978
6047
8933
3643
196
2842
7723
7317
6788
4166
134
1088
2727
1091
2032
4663
7045
2157
4755
8279
976
9928
3000
7121
4520
8940
5098
2235
2053
519
1832
7224
8365
8541
7686
6366
2413
8140
6367
2083
5028
8077
946
3473
7790
6359
1946
9379
3205
8632
2314
1737
6668
5842
7681
9362
131
140
803
8842
2646
4795
3757
6574
3613
9843
75
5882
1674
6602
2551
3703
7159
3245
1939
8243
1301
775
6150
9279
8611
353
6917
8965
6306
6853
8885
4322
8226
3658
9451
9183
5264
3124
727
5070
8925
956
8428
1064
2286
672
1303
6280
1898
3803
8309
8295
7311
3227
6152
6845
9353
4905
5763
7008
5529
4418
3068
3830
1555
1711
6729
3029
6131
4037
5994
7818
4835
4053
2238
9595
5527
5229
9500
2111
7087
9333
1153
6844
9232
1459
495
4385
4427
7724
6442
7754
5455
6128
4574
5557
1221
6469
5779
9356
1054
787
8564
8306
6292
5972
7535
7110
3038
3787
8624
2212
4662
2937
2431
7258
4087
231
361
2156
1272
2872
3190
4341
345
2220
788
6689
7833
4870
5522
3078
6323
5553
6245
5756
7383
8567
1568
2181
4695
232
5543
1023
5100
5712
3426
1985
2439
5110
1863
9082
7697
3475
6843
2214
9231
9129
4331
2902
7546
3821
8122
486
12
710
4880
1096
1748
5330
8066
6762
4589
4994
679
4544
1151
7149
5893
5686
1819
4337
4798
325
240
5621
3390
6052
7361
4664
8436
5053
7923
8493
2503
9879
2997
7588
5844
48
2190
2993
2288
1512
2739
9540
4065
8421
2143
2401
4627
9037
4146
4083
850
7509
6397
183
1643
7961
2797
3849
8277
5872
2558
5274
4316
5682
7631
3696
8374
3635
8819
8270
2630
8052
714
6731
4290
2229
4831
280
5105
8786
2468
3679
8301
7113
1451
1438
4518
7128
8728
7775
7002
8737
5875
4429
3401
3889
8002
7573
3007
7782
3745
3122
6643
1186
650
7054
4
2362
4875
4608
2130
7215
1778
2260
2831
7455
114
9320
3702
7394
8835
8652
6232
2834
4962
7468
3981
5256
8589
4565
7090
4594
8750
2894
9441
1122
7132
77
1043
7220
5423
9034
1969
3428
2966
9913
880
1460
9892
6216
6933
2124
9650
7265
5338
2985
1852
9273
6932
2716
187
3043
9393
8565
2516
5004
5161
5175
875
6533
8401
9794
6311
8711
9570
7269
1938
2974
671
9514
989
11
7767
1979
4311
148
8225
5003
1682
454
5618
4975
9805
4582
4204
2499
257
1237
7255
6877
3621
5853
4512
2261
1597
622
1396
2572
2253
365
3178
6223
8488
3667
4368
6351
2043
5064
7238
4486
4711
6791
3188
3524
6385
4328
2884
7549
6046
4091
3527
8562
2702
1735
7229
3574
8599
2494
3321
5581
6343
3006
2024
6608
5237
4680
9086
436
8773
7568
5385
3593
9636
3538
9580
2644
2801
8310
3647
5941
3021
4468
3553
5265
607
4369
9352
6162
5311
4983
4259
2300
3147
2562
5979
6215
5051
9247
8977
6655
6834
5262
6480
4863
7484
484
6648
4279
1961
9596
5727
2141
6182
2840
1830
7847
8006
8638
5133
9169
344
5197
279
5626
6451
7606
3430
3264
78
3382
1344
4017
909
2639
3536
4888
8224
4763
7166
5152
487
180
4012
5968
6498
6368
539
5598
6945
4288
6916
3478
1267
3341
6425
5361
3223
5224
2476
7373
3469
8664
7817
79
6090
9710
7432
3096
624
8620
1058
959
3655
1842
5539
3408
9105
4759
5558
6289
8540
9326
2420
630
9658
8858
6684
3600
1600
5515
7996
9415
9956
3437
2172
5113
2249
2631
2627
3285
4897
5665
2087
1161
8808
9181
7510
8375
1766
1753
1561
1974
5611
1074
4954
173
746
6093
3728
2720
5479
625
4157
7056
6658
1725
9069
8512
8328
6115
3987
6534
6410
7844
6827
8553
7978
6571
7096
7942
485
971
773
3989
2544
7452
8970
8584
7351
4799
5622
5142
2429
5749
6039
8577
1108
601
779
7416
1485
7917
1163
9615
7088
4604
8126
1355
2206
6196
4754
8142
1918
8679
4513
3280
1719
8672
1432
4856
4247
8880
3114
9548
7247
7236
1760
3814
8826
6701
4894
6704
8371
5297
6435
424
6866
9588
9478
9269
6032
6104
3393
1082
2962
8837
5634
286
8846
4595
4197
1405
1578
1311
2107
2203
8251
3232
776
2322
8266
6848
3185
3872
1557
7051
245
7406
3328
9426
4473
4769
6173
437
7183
2453
7368
6500
2830
1861
2980
3141
2303
832
2502
1966
3779
2114
7168
8602
6997
3733
790
4612
9825
6615
5400
7445
7556
1878
3451
3087
8048
3235
1786
1337
3045
2685
8041
3479
7576
9463
1169
2745
6326
2638
2118
4239
2146
1463
7387
3066
4934
9553
8319
6073
2486
3094
9999
5742
5260
1229
8887
8366
2092
2301
8673
8438
4842
7822
4164
3676
9097
3626
7109
1385
2756
9113
8758
5289
7441
247
5351
1189
334
8269
3995
4871
3265
5523
6294
321
2394
311
3186
6725
700
5606
9984
3518
5922
6511
1282
8682
5883
169
5876
9677
3522
9587
3016
4008
5082
1831
8783
2740
9226
5912
3641
2023
8691
5755
7187
3318
4178
189
9842
1689
2528
8347
4088
9986
5444
9453
7736
5545
6114
4174
7103
5910
8354
6024
6362
1430
8956
9507
2642
7119
1187
2489
4592
7058
5716
2871
8779
4006
4827
741
8953
285
8681
810
5589
3133
2799
3039
9158
6473
6977
5450
926
291
328
2454
2298
3945
9872
9823
3145
8662
1523
2352
6641
1079
560
7423
4209
9921
9418
3297
9897
3385
8595
877
4461
6204
2825
8096
4423
1791
6127
9157
7419
9314
3049
3287
6089
5371
9059
4378
4405
4113
8018
6262
4201
2780
4181
4020
5676
3918
4277
5690
7052
8566
3715
9638
6201
1121
2224
2182
7275
9529
3221
9016
2741
4036
3839
9272
7490
8825
6456
3599
1165
3311
7035
4911
5234
6805
6990
6161
1847
490
6076
1408
1775
2746
2674
2883
8074
8647
6560
6457
8550
2749
2633
9846
982
5276
9578
1445
5786
8627
3239
756
8934
7725
6143
5947
2466
5771
5261
3986
505
2337
3415
806
7194
6436
9966
6129
9039
3213
3941
5030
6302
3510
5860
1007
6826
1677
5372
9384
2347
8798
737
3562
8812
43
8465
1442
4788
3765
7667
6753
3654
1203
7385
9648
8947
4407
2174
5578
587
7666
4973
8116
8341
7439
3569
9044
1325
6553
30
6884
2595
7404
4729
3112
2398
7091
45
2385
7589
5944
6970
143
4508
1519
2755
4907
1777
766
7341
8281
5752
2665
9606
6564
4033
2173
6526
3067
933
7638
6153
4753
4864
9817
9296
2082
7938
5255
8283
3530
632
9145
5107
8364
4491
9196
4452
3884
2147
900
150
9889
3335
4404
9915
6552
4514
3533
1465
7300
2748
7444
9780
8651
2252
1722
6239
631
483
4641
2127
6597
908
5761
9681
546
8229
7037
9358
8988
5204
5967
3288
9318
9114
9285
5868
3998
4283
2571
5913
9138
8105
6094
1343
3203
2846
4554
1045
973
5490
6678
7507
4765
9741
627
9917
5055
9109
992
3692
4784
3686
2164
2888
4027
9300
7458
6889
7800
8412
5656
2201
745
4326
864
3372
9093
1255
4999
6710
8033
3216
4636
2819
1857
8693
4685
6794
5246
1139
8669
338
2619
1669
4959
4345
7679
7677
4034
7396
4931
8429
3249
4859
1024
9991
954
1721
8799
5956
2064
7592
9523
9190
1178
5700
1605
5514
3240
2445
9952
4847
1352
4062
3481
8141
4384
3862
4620
281
3649
8793
9865
6019
8
7919
3095
4128
7303
8971
6061
2881
783
4383
9630
3279
6111
5804
5269
9774
942
6924
5008
7211
6009
8057
1635
2255
9723
9334
6605
8788
312
2793
8658
9526
7354
2191
4812
7890
8575
9783
4397
8529
3446
1615
3009
1208
4689
8505
6007
5245
385
4969
8939
9808
3523
588
7659
7656
7572
1784
9850
3267
3222
3785
2392
6683
1006
1292
4135
9489
6095
5997
559
1449
2623
2202
6750
8335
4002
551
2818
4358
5891
4661
3395
8163
8854
7749
7981
1450
5117
5233
6758
2844
1794
4315
5921
5964
523
4874
4618
9657
6234
2508
4441
3589
957
1162
7345
4003
7977
4517
9666
5196
3368
2863
7716
4244
2196
130
6254
6193
1035
8571
1402
2603
2836
1767
5507
1113
3690
580
5799
4398
7176
3878
67
1367
8422
9581
6931
9972
3858
2150
9499
8167
3837
3954
6787
4899
9896
7018
7214
6800
935
8546
6738
2686
7350
3018
1665
2239
3101
8423
7376
6686
8329
3545
7072
3008
9637
4564
2887
3933
3900
5368
1075
7861
127
4305
4295
259
5026
2684
9528
3585
6628
3792
9268
4050
3780
8134
397
3976
1458
3362
9629
1662
7348
3164
3970
469
1425
6174
4362
9614
8641
6477
4866
5040
6447
9003
9883
7107
1588
4125
6369
9682
2754
2044
2518
7757
6283
2859
610
5072
3586
5718
3374
6904
37
7837
2056
8607
4132
5044
1454
5217
2537
3710
3108
4470
8667
2890
2852
868
2163
9592
1769
2998
456
3978
7469
6140
4352
9766
9078
1696
2675
7602
9036
4451
8332
9554
1541
9052
7479
1734
3003
178
3773
8531
7859
7393
4280
5703
8060
3794
4976
2939
8967
7241
4138
1363
8723
2067
7190
8547
213
3333
9006
6080
865
2393
2929
2432
7868
3584
841
6528
105
9203
9297
8135
1101
8029
2870
8774
7908
6202
8038
8935
1323
5231
6443
2608
3750
905
5724
9452
8994
3741
5839
1044
409
592
198
9601
7123
6893
9488
9428
6781
9749
3289
4392
7223
646
4660
7477
9886
3704
7871
6830
5900
2975
4444
2241
7141
6060
967
9976
1368
2179
86
3243
8524
1796
5353
7293
6986
7200
940
5949
9259
830
1490
1752
4783
2885
6920
1654
9221
4212
5706
5651
1299
2460
7771
3359
8452
7377
3358
6875
1761
815
2543
8625
1107
1720
5847
2636
5565
534
1967
6522
2838
5121
2149
8195
4770
8072
4988
9725
3611
820
7853
9773
3367
9563
9250
3688
2030
8585
7124
8121
2717
8908
4643
1204
4668
4671
1239
8392
6832
2447
2854
4059
9151
8098
3499
1181
1271
2210
2732
1676
813
1349
8834
5986
9263
7342
6573
6639
554
3547
3027
7841
4744
9375
8814
5482
9233
9209
1509
2089
9696
2534
2957
4951
4056
8390
315
2812
3048
1114
920
8259
7316
614
8715
7437
5768
3698
6611
4677
6405
6318
7545
6995
1658
216
2561
4579
123
3732
8230
656
688
3497
5928
2334
9583
2275
2035
2612
7390
2317
4682
6180
2587
6720
3961
1284
2490
5583
1565
6475
4562
1869
6946
800
1248
3754
4232
9102
1702
2851
2806
5058
3817
542
7989
9932
3346
4334
3313
8533
8461
849
7685
677
8403
1926
1071
7302
3612
9402
4163
641
2592
9933
752
2482
6241
7843
7759
1483
2031
7835
3845
1409
9910
7988
7471
5422
4605
9781
4329
1609
6286
4978
8534
2443
2983
2357
7796
4992
3758
9877
3376
3465
6766
838
3947
2459
2643
3491
2047
645
8628
2933
2366
3025
6752
1364
1420
3924
2866
5794
6427
988
5726
9508
8333
5485
2560
2108
349
2120
3298
7862
8951
6404
852
1276
3674
6011
3492
2722
9089
4225
9365
6938
9622
574
4106
3625
5342
3549
5573
9929
7281
892
4706
8704
8445
2184
4118
8787
9712
9289
3484
1319
9894
8320
4503
8810
4737
7020
9962
9305
8193
4521
6023
5852
6307
7055
2015
3554
6118
3421
4756
6593
7713
1743
6464
8176
5574
602
9935
8870
2829
2383
8803
228
9938
9454
8809
6759
2437
3181
3435
5461
2766
963
6544
5418
499
9640
2605
2153
1376
9293
1439
271
7125
1984
9242
7752
326
3644
4566
4714
8946
2335
2265
5592
7813
3811
4541
9122
5915
8419
7538
7321
7776
9898
9557
1377
6100
2072
2271
2365
7133
9185
3805
725
6077
3796
605
8340
9868
9176
4956
341
6861
3952
3413
7524
824
7095
620
2248
5162
9147
9332
5112
1539
8877
6252
6083
4360
6141
2012
2662
2051
5432
4576
249
3925
1980
9504
4177
9656
4622
1973
9927
74
6416
3209
2770
8554
1686
4223
4811
3890
1428
7972
1264
4442
721
4187
9295
9683
3592
3902
5209
7430
8239
7160
2159
6803
9531
235
5129
6991
2610
6103
1839
8023
8898
2615
8991
6402
8067
3201
144
9482
3581
5632
5192
6617
3760
2323
3348
4908
663
6675
3633
9937
5354
6767
950
5873
5590
8633
8138
6842
1416
8888
4925
5428
833
2052
5591
4545
6612
1499
7927
7695
9635
2021
6408
5144
6260
1744
4593
5
5054
9663
6774
1142
4510
2955
9372
6585
5221
8617
7808
4791
9867
9047
7882
8792
5774
3717
8688
4256
5240
2821
382
6839
8981
6097
6849
5293
1862
333
5808
1889
5377
3291
5404
529
910
1868
4391
2125
2281
9845
9420
4614
1892
8683
2673
5780
388
6822
452
8650
5566
1805
7048
381
6735
3620
6400
414
899
1950
8177
7021
8863
5748
2492
8621
1266
5677
2525
9371
2074
2009
6833
4573
287
5069
374
8201
5043
7540
9524
9720
4366
1855
1968
6164
4497
5303
5992
7646
2681
3277
411
9874
3302
595
6015
4230
2709
6927
5323
3548
1141
32
3329
7746
8613
4466
2892
6524
4548
6033
8730
8700
489
3317
7795
4766
117
2207
8883
9349
3959
3596
3128
9512
9009
985
5132
6298
8458
3282
1462
9546
536
3058
172
5163
8344
7388
7812
9530
1963
2776
6743
7268
2100
987
7209
4511
5138
6778
9672
5032
2004
8754
7347
394
2666
6409
5141
3050
3663
825
5541
5149
6494
6303
92
6733
5429
608
5926
4913
9701
6599
3134
9337
9464
8049
8910
7687
1002
5753
9552
4610
531
1478
62
665
6661
7802
151
2426
3893
1081
277
3454
1356
6293
5747
3098
9599
5075
938
8874
8050
2091
4971
674
6030
9573
2760
8881
5696
4690
449
5310
7855
7684
1785
304
1728
5247
6702
3182
1218
5614
1866
4185
8282
4258
2731
1585
7433
3303
578
3269
6398
4826
684
9459
2011
5465
6304
2590
6952
6915
6014
8922
1577
5412
921
3966
5386
3135
738
3026
7555
6929
393
7654
9745
9241
506
6846
1596
7340
4949
502
6665
2734
8721
8460
8756
9001
8425
1119
1488
6782
2577
7322
5230
8780
1893
8373
3171
4372
4162
9704
7788
7889
3053
9719
5499
7705
9080
5408
2264
811
7402
209
7662
4095
8509
8361
4434
2989
1705
5575
8082
3668
6919
3631
2140
3183
4440
4257
3932
7673
9401
5683
577
6
9645
4431
5602
8336
106
524
4134
305
5285
5187
690
3131
7424
4004
5173
943
3125
8203
5067
2522
1959
2045
4284
7332
9990
3996
4379
821
6297
3623
7830
7319
6930
9134
9974
7465
139
8318
8482
1046
1469
8257
3520
7026
6228
7740
2326
735
9143
6305
4890
2027
8974
4120
3534
9399
9633
7443
2788
3691
2283
4792
8089
1924
3458
9071
5139
5859
5628
5391
34
3962
466
5438
9118
9141
698
4748
5817
6632
1650
5642
7880
2330
7821
9448
7652
5637
8001
1806
99
9654
556
5046
6712
2219
7099
9074
5680
4105
8097
3940
3636
2223
5717
3065
4700
9814
179
2548
5134
8857
7425
470
2308
8145
2700
428
1322
262
7966
5960
1894
7428
136
980
3897
5955
3371
1384
6412
4667
5841
5378
4889
7698
404
1912
4156
3014
1500
2467
6247
885
3146
5698
263
2589
8479
6603
8574
4052
6458
6673
6974
2464
8300
4297
8718
1814
2914
1976
7678
7553
8668
9571
9616
1470
6000
1083
4807
1688
5091
4264
6074
5251
7246
9355
6809
5225
2626
5322
5188
1647
7064
3308
69
2602
6926
3739
3587
3059
6629
8701
302
5172
5787
9414
5906
8180
9980
4487
2514
9390
6379
4740
692
6562
6213
4972
492
2333
5253
7487
537
3483
8710
9914
6504
9327
6988
5995
5137
9967
3470
8178
6856
6618
9848
678
5145
1592
3974
4615
3841
1426
4543
1185
6356
9631
6499
9070
6312
7850
8155
4045
5758
1909
4768
1554
5630
9127
6591
958
1526
6119
3678
9572
6065
3808
2555
1632
4710
2949
1631
1573
8078
6691
8386
4629
5605
427
6319
3550
8440
5689
7410
6789
8961
1776
7489
572
8496
1827
3756
3598
2025
914
6647
9101
3926
6070
5510
121
6989
4312
5889
634
3603
4158
5552
5399
4909
6756
4778
9762
181
6034
5667
2942
694
7365
7700
2798
5924
2833
2259
6942
8992
2254
1252
2209
7389
7635
273
9870
2809
9432
1116
6754
7409
834
5782
4090
2213
2351
1084
3541
8860
6057
2154
4733
9692
4310
1582
5556
2500
1584
2278
54
2169
7665
8236
9518
5226
2774
3060
9103
5812
7296
8240
6487
9257
9589
719
4268
5122
2669
5662
1495
22
1032
4526
658
6091
5048
7219
5509
8410
4678
4253
8147
4561
3424
9146
9081
4183
241
5484
3057
7070
357
5357
153
8521
4086
5770
2648
726
6481
4361
2792
2277
1608
3061
4938
4447
3441
1290
5832
9579
3170
6590
4658
881
739
8695
9611
7876
1309
4571
1700
1693
7073
4687
8536
8284
6840
9550
9977
5325
7313
8091
9270
3217
8696
6244
5970
5093
5584
3142
5919
2753
931
6431
498
3507
3292
3419
7779
8399
4519
7335
3241
9687
4367
5845
5259
2378
4011
3842
4892
2728
6626
8631
1988
6925
6601
6028
161
1394
5088
3160
2412
9219
2005
3854
5184
7253
2653
9344
8258
1629
1733
839
8031
6364
9908
1801
6568
6862
5339
9258
4432
3314
4262
9457
566
354
2877
2176
8871
2710
8233
426
2498
6922
4075
5365
147
1746
5012
6936
2862
3204
6951
2787
390
1277
9495
8894
9942
1078
4670
3056
2711
697
2971
4634
8665
3605
248
110
6274
1124
4751
6961
1235
5373
6631
4697
6935
753
7254
7403
5671
389
1908
7586
5343
2069
8222
1593
1143
3461
4406
352
473
744
3350
6288
1919
3638
6354
8902
4736
5345
2192
4699
7201
3138
9497
7454
7766
5828
6491
8594
4650
847
6697
3464
7480
9449
482
1965
9266
8654
6558
8019
8759
664
3158
7378
7925
3563
5914
6654
3515
5324
6484
6210
3816
8960
9067
7188
9541
8324
6769
116
2112
2611
9330
9987
1569
7542
4030
1875
6517
3928
7438
4628
1902
9912
1069
9410
4816
1133
7382
5179
4596
8161
713
5279
8293
6006
2104
6121
7217
4719
1429
6242
6716
8805
8989
3904
2850
5829
3455
4552
8608
3474
5759
6479
6966
3418
8476
2529
6992
9467
9767
708
413
2790
1699
6651
2018
5011
1644
3726
9331
4137
9245
347
5564
1798
3342
72
5772
8636
5295
1726
9207
3540
1910
9655
683
2189
9619
8446
2221
3229
5713
8986
2593
8378
619
8345
7894
6265
2697
5314
6807
2216
8463
8997
8959
4370
1955
6955
5300
1504
5419
9585
3944
5627
9159
6486
6064
8009
8593
9255
5648
6681
5958
2038
5454
7031
9590
3939
4215
2951
7902
2855
8895
1436
2037
3175
2020
6851
377
6682
7027
4996
1302
252
9653
1392
9678
2016
5150
2584
6624
5532
9461
1370
8172
2973
243
9542
4540
5087
2970
563
7137
2533
6737
3607
9493
7290
9381
576
1680
3090
3467
9821
2145
844
1073
4813
8630
2758
7608
4321
9577
6742
3248
9116
1679
3955
109
859
5483
6341
1547
1681
4076
8941
8034
626
3293
4872
9906
7074
2526
218
9389
7692
4600
4775
3136
3322
9373
2033
2237
6594
5954
7690
9341
5126
9150
9727
1347
5296
4196
7355
4439
6869
6165
4343
7544
5969
1628
1411
711
5023
6636
3116
8231
2128
6652
9382
9366
2379
5315
3881
8387
7910
9641
3040
9901
1962
4102
7875
5909
7323
5283
4877
2947
9256
6723
4555
6828
5789
3782
2417
3231
488
3489
7787
9388
2715
7420
969
9271
1911
9347
1886
1903
9175
5837
3724
623
6342
5309
6171
550
7872
2652
8687
5306
5007
7967
9443
47
7085
4923
1434
8362
7643
9970
3480
6012
5778
3637
6792
5090
8370
8646
1687
5355
2081
8087
5775
6345
1452
1115
2324
3340
8083
6041
517
3693
4790
6062
7369
8766
2569
8523
2921
7532
3211
4070
4665
6071
7879
6518
5931
4182
7431
5568
6454
8075
5946
4837
1836
6414
997
6049
9262
1406
6335
4313
568
7221
108
3639
2491
8588
647
3828
5395
3873
9760
5487
9023
7866
1724
3100
6659
4165
3819
1667
5478
4285
7975
2167
2802
9112
4119
3661
1956
1413
1787
7309
2063
7661
8705
6156
9364
659
2791
6287
7552
8639
6745
4484
8137
2205
8909
3442
7814
4966
2701
5554
7819
446
3230
3450
3242
313
7820
3790
3117
5346
1000
1556
8791
1228
6388
2944
3791
7750
460
3931
76
8845
1895
6692
1206
804
3705
516
4960
4953
9857
8828
5672
4989
8900
275
3083
8801
1061
3763
3767
4136
4019
7804
7743
9286
7442
828
316
514
1741
2552
2451
176
2779
858
9224
2737
1374
2906
5908
923
3993
6721
960
4180
1621
6300
6711
9900
4476
7756
1398
7583
7082
5600
8055
4107
6536
755
8182
2707
8022
7963
9383
6516
9172
6058
8250
8427
520
7680
1244
7482
1029
8000
3097
2332
1571
1132
3118
8338
3886
5728
1145
7043
3271
7891
303
7259
6211
4850
1348
2820
5769
8416
5201
1072
7239
4933
9809
1818
1764
9199
1224
1041
8391
1295
3459
1920
2904
7508
4474
7846
8441
797
7068
3387
3506
4809
789
7708
1646
3356
4153
7256
8013
4926
5127
7384
5236
723
7059
7028
7596
7601
1822
1109
9191
4509
3228
5185
9056
8450
8644
1050
8218
2343
5077
687
7198
5757
5018
9691
8162
7957
5978
254
1690
5413
511
3399
8840
8827
3892
7613
9040
6483
2900
5157
3895
5710
4743
7794
9117
9230
2194
6194
1144
9013
2086
7283
5327
9020
4716
8062
289
2961
5494
4436
2935
6642
4848
1077
1933
2705
8820
9064
1829
1583
5649
9664
2122
420
435
2076
8342
8442
8010
1209
1298
9065
9562
6727
6251
4460
4026
407
3161
1995
9685
6002
7013
9491
4462
8396
3617
1640
9032
6144
9834
9434
6812
3084
4836
4289
4437
52
4918
308
1970
1736
8358
9174
521
1570
6784
6092
1479
8070
2057
2992
4273
7237
9864
3336
9227
5836
9887
3847
104
1447
4865
4396
6422
4127
4553
6391
9713
7358
9769
9582
7170
1324
635
3761
5746
31
8470
3868
8339
9014
751
4242
8480
3648
8557
8626
5942
4222
9981
9284
2410
8555
6269
9104
8748
4547
2372
7943
5002
8924
8485
2284
8025
1053
4038
9017
5508
9863
4991
1207
2585
8477
1199
3712
479
8818
3129
9527
6395
3751
9223
7449
119
6765
4806
2563
1345
8873
2928
4217
9591
324
5302
3412
7640
4270
7012
1723
1779
6110
5599
4325
7216
8923
7173
5489
3651
3107
221
3979
1404
8432
4389
6455
1871
5879
1123
5547
9815
7511
8302
5745
7900
8400
9477
4365
5140
6112
2359
9833
1838
8291
185
2361
9243
2319
2889
9171
2794
886
441
7408
2102
1444
9717
4150
579
2434
8431
3397
6346
4602
372
2575
7755
2956
5536
4299
747
2404
6059
1993
3921
8938
193
3373
157
7057
6814
7475
7496
8794
4919
1308
3036
8268
174
5481
7346
8892
9840
4724
9878
2222
597
7142
3111
2444
6042
2655
7526
7314
9394
8605
1928
368
9419
9213
1362
9395
668
7676
3827
7152
402
525
6556
358
8234
4456
6973
6776
6802
3802
7326
9193
7352
5643
238
8073
94
1410
4079
7728
5159
5800
4713
4730
7067
6036
5929
88
4715
7514
8586
1194
5520
879
1129
4974
1225
1589
1369
9989
1329
230
5281
4843
7965
4853
9417
8059
4549
4231
7793
2371
5473
4895
1614
38
9095
5613
9959
6357
6859
4718
7362
2446
4110
3824
4883
3148
7761
9280
7914
994
6208
8727
8014
6983
2549
49
7374
1528
1166
653
9510
5049
227
7513
8360
4039
4580
9018
7102
2387
7044
8271
6950
3339
5982
9624
1510
4728
8771
5199
5329
6448
8376
4693
2905
4354
8415
7519
5963
5866
5773
8629
9659
640
9698
6613
4761
2924
9799
1205
19
5657
6587
6638
1718
2305
1310
8697
1907
5335
9469
5977
8254
6944
217
6038
2129
6868
4160
5920
2719
6125
1098
3742
1320
5702
7270
3402
9993
8622
9904
9424
7944
5664
3795
6299
2550
1076
5326
237
6081
9423
1904
6108
457
7618
7777
1530
9789
7703
6796
2650
3327
9350
7630
107
3505
1193
5131
7829
4505
8190
6958
3838
817
166
2131
8232
5737
8170
6907
3316
6858
2290
9254
9884
3937
1666
8915
3070
6474
7512
662
1927
6497
5294
1824
3831
7971
1599
8862
8288
9501
8495
6421
8372
6276
9750
5440
8208
1289
8245
7315
5099
2008
6220
5785
3238
2496
9490
6959
2784
339
3746
2614
873
6650
4980
843
8317
2474
8724
7483
6120
6730
443
9861
8449
3736
4739
8777
9925
9785
9386
8932
1610
9216
7481
223
2407
8313
5160
4096
8694
2055
5119
6485
7501
9200
4891
6029
9613
3965
9949
866
8242
8437
7195
5870
1371
56
5544
7633
142
1400
3155
2096
9724
4525
4251
7849
14
7144
8618
5427
2620
3983
5471
1808
507
7962
544
4074
6116
7529
5525
1672
6099
720
1313
7947
1159
2682
1093
1883
3299
9549
195
9676
439
2405
7848
9642
4686
2535
930
8157
2764
6203
7046
3092
7569
3463
7466
8964
1293
246
9787
1729
819
5213
4528
7964
5083
5840
4101
126
6911
9466
2389
9026
9049
5821
7531
4413
5595
842
6810
1755
855
8929
3414
4438
3768
6579
8418
369
5298
3360
6728
978
7784
4820
2882
1461
9249
915
2073
3420
1717
2469
4377
3777
1288
5639
8045
515
4069
2860
8942
145
8972
1241
5715
8439
7411
6419
3531
1975
3958
3173
322
2134
5790
3268
3137
5675
3140
4123
9765
215
4412
9903
1297
5042
6953
5725
4941
6962
6831
9007
7364
6181
2704
5705
6824
9277
5511
872
4840
3088
6355
5328
5587
6621
5721
7958
9164
5654
3296
8713
3552
2388
4694
4577
5990
5147
1383
2582
7930
4272
2415
8487
3885
586
845
9215
8768
2263
4735
396
3024
9445
6708
2353
6482
8822
893
996
5037
8273
4906
9412
823
5202
3911
9543
4375
793
3503
5451
2291
5205
6954
2580
4681
2427
5447
3353
5776
7174
5635
1423
5902
7473
1678
6609
8610
882
7488
768
1453
7213
2436
2744
3174
2923
4684
7632
6918
202
8331
5714
9649
6887
4357
9480
5045
1564
4477
7245
8027
1559
2258
9604
445
8316
8896
2493
4632
362
8117
6045
395
870
9301
4624
5387
3208
3734
4221
163
2987
3234
467
9560
8763
2919
2039
8882
4567
8197
749
5519
603
4450
7331
8454
6698
6777
1695
3452
5268
4535
1378
9702
2841
9055
4089
9201
4776
8999
2824
7647
7506
8755
1633
1049
4584
5250
7478
5366
3062
3582
1800
8005
2671
6268
4287
3168
1532
8003
1126
3588
1100
7276
6625
1945
1230
4557
1379
4585
1531
4309
323
4914
3783
1952
2433
2306
4425
4167
9281
6874
8504
8467
6565
4246
3566
8861
3769
6261
165
4085
2211
5549
1935
4112
2247
1601
3110
6771
1210
7212
9119
330
7140
5957
526
7805
1307
8046
2599
7267
459
256
8015
9343
2066
8355
7184
236
6546
9421
7249
8551
7634
1226
8950
2312
3012
1296
5998
5242
8980
4786
9046
3565
5462
1080
9021
6495
4606
5693
1220
8749
3257
9435
8969
1245
9363
7627
4502
7626
8738
2006
1419
937
8634
8469
6914
8722
628
2085
8353
8671
2837
7753
1707
6610
1983
8404
9244
1896
8113
1872
1834
260
8852
2177
3132
8307
6987
1765
4868
7104
9135
613
1092
6760
5170
4117
8573
6266
3880
6645
5797
4401
4734
2311
4173
6132
9261
7621
7998
5807
1527
9824
2771
5612
9407
2077
2368
6488
8601
3519
3214
2483
6881
3184
423
4613
33
846
8481
9357
6316
25
9902
8987
1607
7860
5210
2093
2419
3634
8530
8911
4927
7463
1538
9792
689
8614
8466
9019
6676
2339
4072
7668
543
1948
6217
375
5826
9838
7624
6616
3608
2462
966
9359
9346
392
3172
3071
2373
9248
5379
3338
9427
4445
2922
4168
1022
1833
1789
3086
5730
4723
1987
760
1716
2651
1214
1099
7980
1604
8478
9180
1089
5720
676
7232
7599
8186
5416
6214
4324
733
1260
5420
5492
6224
6332
1793
5171
9311
3495
7603
649
6657
8131
8444
7206
5655
359
1906
4810
1783
4780
2251
7304
5695
7711
8426
4488
3927
4910
1835
4645
8832
8866
3528
3614
6865
5488
4015
673
1780
5751
9291
2691
9342
6905
4583
6138
8260
6783
5124
5743
4625
1683
9697
7233
4275
8174
1346
3104
9759
3247
1870
9438
5086
2266
2926
7845
1382
2912
4211
4771
51
7547
5094
6910
9053
476
2693
8483
5020
4317
3583
9919
58
8499
5991
158
3215
3295
2759
57
3699
600
4556
8080
2441
6878
2640
7701
2354
1937
8326
2515
7298
8785
1157
3576
8864
429
3874
8214
7867
896
6717
6353
9091
5019
8350
4626
3956
2448
9646
2327
4802
8917
9351
1212
8537
4129
9038
6863
2664
4149
5917
3197
6003
2435
9328
9189
6463
561
9142
4206
8831
9882
7426
3305
9108
4213
2180
2624
791
6749
5167
5074
7550
7712
8200
2811
4481
5791
268
3388
9744
6331
4855
7899
8054
3457
3034
5022
7610
947
6219
8494
6530
9521
1393
5535
2079
3370
5597
3139
5340
2315
887
8327
2199
9054
5468
494
2136
3575
778
4021
3284
9593
6324
6087
8248
2002
5220
8359
9246
5709
4395
5899
1844
4353
5267
8220
3521
1234
3033
7380
6198
5337
1062
8968
329
8210
23
3684
3166
3804
9625
5903
9106
7928
7329
7486
1999
5299
9234
6384
5442
5405
1009
2941
5318
6894
6669
3514
7823
8383
7493
4822
7778
9413
792
9140
6453
4417
831
4581
3912
1991
9733
8619
902
4617
82
545
6044
1623
8036
6775
1757
7560
975
7734
2478
2965
4793
6667
8123
6329
8816
5180
4063
3331
3275
827
7707
5631
7991
5816
6394
5349
8492
1558
5154
4943
6295
4638
8702
4393
8497
2480
8453
9828
8413
5128
5729
639
2604
9329
1048
8183
3997
6221
2629
3606
5685
9474
2296
5886
2068
3409
9736
799
1357
8823
2418
2847
8716
2828
9345
1120
3022
1655
9403
8761
9950
1327
8804
7318
5477
7135
8159
7874
3706
1104
1494
1340
8893
2556
8838
7126
4912
6663
8985
3624
1888
1238
4598
9153
9706
7682
878
1154
1475
3471
3363
363
7157
9264
2781
3165
4208
8402
100
3681
7324
7038
2485
6968
4084
9163
1957
9688
1545
3236
6263
8490
9617
5572
6136
5533
5965
7147
3860
2268
7786
4169
1825
5505
7349
7492
9429
2
9771
8751
2618
8108
1977
6352
4394
3905
6423
1671
728
6386
68
7907
3687
5244
7916
3001
9406
500
4652
8776
8868
184
4762
7706
5798
186
4675
7391
327
4483
8807
7515
6900
3366
7120
2725
4587
3254
7516
553
9391
7870
8076
965
5827
2171
9475
3700
3740
2730
1487
6713
4355
6979
7672
1390
1034
7729
612
6928
7155
5616
2557
1575
1840
9470
155
9133
9075
5524
2616
1703
6075
6372
4049
7285
1466
9404
4210
13
1281
2958
3501
5108
7780
8760
438
4381
1407
8824
9644
786
4590
7838
3891
2233
3162
4300
4817
2452
6137
4669
1740
4420
2915
1065
911
4845
5464
1173
5940
1624
6088
28
7995
648
46
6795
9062
1236
2660
4533
3559
9703
149
8596
3604
4035
3410
9675
3482
5039
6301
5767
5517
5341
7748
7327
5183
9208
8726
80
8919
9545
7163
4426
7702
4563
6813
3194
6514
9139
3411
6857
9668
6755
2042
9544
7370
7230
1468
7077
7858
7946
3743
9768
4024
9170
7765
2356
4330
1110
4235
9522
2142
265
4294
4882
6525
3226
4898
8707
4240
1202
2458
6278
4430
8500
6450
8690
9440
6956
1196
3037
891
1318
2541
5228
9979
2105
3449
4829
9618
8891
3844
1673
535
8451
2001
3694
3210
4457
1524
3154
2484
1103
5867
9738
6567
7939
6820
9198
5846
1507
3381
8148
5130
8520
7422
748
972
17
5738
8937
1788
5843
9178
9411
1170
3920
3425
6773
8944
5115
7413
8931
124
2289
9665
2606
7280
8678
226
3493
2932
8930
4858
4597
4455
6068
7024
2981
7523
781
3934
9534
4692
8995
2457
7228
4900
2657
9144
6098
6569
5892
6764
9958
5570
412
9126
3826
541
8424
1626
5653
204
9486
1664
7869
3156
379
1543
9948
9287
2680
1905
3572
927
5644
6222
1441
6578
8065
2689
9120
2000
1843
2110
9627
5561
5425
1480
1246
1433
9946
4869
9035
3984
9385
2699
8486
6957
175
7117
2232
3558
3864
7950
2313
3017
5666
3468
1191
2600
1922
5555
5214
6687
5694
1587
8264
8916
3718
3833
6664
7563
8606
4478
771
331
4630
1659
2688
3898
21
6159
7949
8517
1657
1901
1278
4750
4550
1027
615
8237
9978
242
3822
919
3193
2984
2994
4819
2805
7798
6339
3120
6160
9220
7306
9790
2777
6505
4691
7017
4237
7528
5512
5433
5624
750
2331
5001
4559
593
9408
512
2868
8790
6722
6296
8292
7210
1270
5551
2839
6433
9669
5596
6191
6947
5674
9288
3951
2991
5898
3867
2706
2545
5415
6371
6101
3325
5571
4824
1361
8552
5449
1932
2470
5691
4752
1670
1774
9788
1887
6575
6939
2769
8736
538
4467
6897
5286
7611
5989
1291
9895
961
159
2267
9130
3200
1258
8367
9481
7719
7462
1496
5158
6909
2708
9030
5241
7398
1025
1253
8217
5796
6596
3652
5952
4009
9751
8966
2574
5421
6994
6921
901
1090
5071
5120
5381
8149
7266
9775
1533
376
1342
7453
3218
4896
3423
6264
7877
6993
7372
2775
2495
2751
5781
4902
8821
3283
2886
8385
3224
5934
510
9077
6200
5953
2395
6417
7060
3957
3877
5670
133
1802
3400
5389
8325
8979
9818
5765
8079
9747
3829
2193
6595
4833
4570
7731
7806
3453
4796
4064
1759
6145
4265
9313
1146
8745
5466
5971
4568
2170
5430
6008
4987
4191
5540
8205
9492
5918
1373
4666
1914
2406
4219
5443
3859
5034
6031
9600
8030
3866
9041
6290
9511
9042
3005
6532
9236
1591
6205
6649
7873
7815
1572
7504
4961
9303
190
6444
6411
6584
4731
2065
5010
5174
8484
7472
7883
9084
2272
1508
4651
8789
2934
4077
7811
2215
4269
3630
3967
1138
8085
8762
848
552
5916
5704
2226
6055
4879
9088
7222
8927
565
862
4141
3591
8349
9885
3508
1118
7146
1395
318
666
8255
686
9568
5047
8133
1247
8686
1028
8047
2591
6817
4527
7086
3943
5586
8912
267
7745
5877
3708
1456
8389
916
2943
2743
422
8119
5063
7143
1219
1242
5206
7062
6634
2472
8303
3028
6102
699
2349
5988
8926
9755
5863
6255
9831
9718
5835
2186
3755
6471
540
7973
7460
1598
4932
5848
3516
4968
6748
7434
5182
2152
3852
5059
7328
7001
3857
7495
8528
2617
8511
4965
5394
5463
401
5504
5317
6804
7984
8775
3220
398
5647
8127
4979
6503
2856
1823
208
3440
9324
4647
2109
9893
6943
4679
7287
2463
1440
6685
3853
6122
3650
8851
4111
3054
8670
4727
5334
3274
3365
1630
2661
642
3513
6240
7171
6620
3628
8506
8753
6229
3072
2282
8829
5305
1130
4124
6896
5933
9973
6476
5722
6635
7642
4782
9776
1427
508
6598
9680
5617
7108
2250
4676
5760
1521
3434
5398
1503
3914
1435
9360
7040
7264
5370
1086
7993
7533
1663
7854
712
1899
4779
2234
6871
3074
7783
4093
4054
6763
8026
7976
8769
2810
1574
2509
2270
6688
1134
4958
244
7551
2329
2736
1067
3391
814
1148
8747
8587
991
2341
1354
2321
5980
7448
9011
4963
2103
3436
475
9212
4915
9899
9005
1501
1397
1386
9444
9739
8782
5153
7637
7106
9161
162
5495
3738
680
6542
4493
7172
2139
7852
6996
8462
1164
4939
7990
2078
7083
669
1756
9561
2721
7505
4704
4948
5831
7092
8660
598
8252
633
6048
1865
7366
9229
3431
6158
8767
4419
4506
5719
7738
4985
5939
8578
8144
6407
7320
7694
7571
4200
3771
2712
6235
8954
3823
7920
5178
6666
7357
6338
9387
7251
3196
7260
1890
66
8548
7824
854
5312
530
8945
8153
4815
7116
7691
5567
3818
16
3835
2570
7825
4346
7066
7577
8757
5176
1020
871
6026
6432
9859
3103
8455
9715
9211
1758
8227
4058
7918
6406
4591
8209
8212
3130
3923
5588
8356
7450
1953
3378
693
5235
4707
5118
278
8806
8405
2455
2262
7926
9484
8381
1149
4051
4281
3615
319
255
3427
1936
4588
6233
9880
1001
780
2245
451
35
6155
1668
6806
3910
9214
6383
7585
4459
889
1287
5458
3737
7
4944
1553
5275
9997
7565
8963
5793
4767
8165
9969
53
9661
2876
9197
3916
3908
7921
1551
7291
5078
4410
4578
7094
3616
2938
6937
4742
5102
9694
5563
5907
2161
7262
4901
691
250
4453
9472
6461
71
9400
9167
4633
3180
472
5579
3384
8572
2158
9058
3444
7041
1934
8525
8538
8560
2126
4320
6273
8414
761
7530
8334
769
132
9124
4485
3032
4732
5701
8526
4839
3799
8795
8184
1273
7075
4539
3233
351
6577
7675
2084
8275
9368
3731
8272
8377
6113
8733
9811
6330
2532
7010
1637
253
8020
2910
3177
8544
129
1304
9708
4903
1338
1772
6876
4745
7363
9660
5437
8081
2964
3894
8990
332
4387
3609
2402
8600
5177
6508
6537
4722
6135
8635
3081
5474
8028
6248
7983
9679
1692
7607
8675
5097
258
2521
40
9607
2061
7395
6459
6314
3759
7974
4114
2119
5932
1618
3487
9240
9294
4529
573
8464
2853
112
6257
4007
8090
2520
6570
8278
6521
5824
583
6913
3870
366
1285
8648
2752
5585
5981
7909
7257
2530
1389
8563
3406
7301
6901
8502
3347
8514
743
3202
8712
3015
8104
9276
7122
3846
7671
6772
9192
4469
2785
6523
7240
9574
7954
9282
3260
9148
6440
7534
1715
7856
7447
2634
682
2668
2714
3466
6281
4336
5383
5740
5218
2287
5263
1622
8169
8012
1713
7065
7114
4741
1431
1036
7517
8100
1152
9610
6277
4018
2346
9283
6325
860
2843
4348
3079
2123
2659
2348
7273
7688
8143
8699
8849
9605
2778
5975
6580
336
3163
2568
2768
1401
3091
533
6799
6226
6310
8841
6672
8993
874
9888
7271
705
3113
7252
300
8187
9764
5819
955
2827
2396
9533
400
589
5252
2976
5987
3047
462
1768
4674
3119
1004
9839
8498
5364
5640
3722
7502
6253
367
3882
1417
335
2893
1498
9826
9639
1619
9374
5407
5333
15
9866
851
5538
3041
113
1641
1986
3721
4642
5526
5531
5697
1916
3922
952
8869
8289
9123
6829
7169
2635
1336
8106
4082
9822
6706
8689
5486
6340
2679
8384
6199
1175
7162
3294
4967
9721
1606
3578
3784
5467
103
9336
1030
170
9802
7897
8875
2907
8071
8124
3590
681
4928
1714
9716
3680
1942
6819
5266
4248
7622
6072
3689
3354
1649
945
8800
1751
1261
8746
497
2376
5887
7595
1300
1042
1334
8983
6761
794
6163
5367
1421
7151
9485
3195
9354
42
4851
7885
8545
2628
9290
2113
7956
2645
6130
6123
8839
7165
5802
6183
9539
8035
8103
1060
5620
6551
808
9598
3422
1698
1792
1037
4380
122
4709
6197
5803
3930
718
5215
4116
5576
1816
1627
4291
207
9422
2908
3657
6426
3212
2497
8216
1881
4435
1333
3263
1111
5966
1305
3949
7878
8311
2370
8890
8409
8522
7721
434
1809
5406
2397
4507
7658
9304
7134
4278
7334
9154
7131
2832
765
1274
4327
1739
7016
8189
9066
9869
9652
3272
6446
8904
5820
8351
4981
8343
1254
2471
1648
999
9756
234
5079
9732
160
3865
403
3762
5518
7476
5500
4621
5033
7863
558
2596
4176
2519
596
8598
707
7039
206
1566
3405
4399
1359
1106
9797
7208
383
5491
5313
8304
1712
1799
4703
3812
8489
9251
706
8092
9793
1636
3568
8312
9992
2762
7620
29
7485
9586
7562
5503
8714
8088
2527
2656
2607
1240
3404
8532
1813
9728
314
6586
192
5402
7498
1747
9173
3416
6768
8397
4148
1864
2897
9455
2217
2672
3002
3595
7826
9813
320
4416
9875
1391
5469
3766
9177
2698
1003
7614
5577
1372
9602
1595
3883
2641
9450
7803
5619
8998
1880
6855
9975
468
7737
2040
1471
2649
418
4292
6321
4131
433
2972
7029
1279
1012
8191
4409
1867
1997
3326
9643
1506
4261
120
5068
2243
1158
5453
1217
4226
9862
6975
6980
7645
9506
4344
5076
2795
4161
1294
283
463
7769
5732
4386
9238
1125
224
1981
6531
4032
1268
7405
2815
1540
4920
5282
5582
8645
5143
742
3080
2034
2858
378
5810
5181
7025
7934
7520
8920
3707
5307
3355
527
6870
4207
7985
1177
5884
2540
5024
2198
3832
3076
26
5403
2022
812
616
8299
4255
8146
4726
7050
1642
3729
6679
3191
4234
4937
7080
7153
9819
6050
1849
2070
4152
1350
8111
2874
1550
6053
1929
5401
7205
1358
7032
2208
8903
464
9763
6726
3447
4764
3774
2350
8833
4701
9505
7182
7191
8889
9746
853
6693
5319
7881
8928
4147
9536
8196
1491
3323
1105
8151
795
918
8879
4878
9447
10000
1804
8321
8717
3369
1150
7414
4443
63
4659
762
4144
5029
2927
6096
5258
85
1330
1731
8685
9205
2524
9031
3046
301
5358
4189
8797
6808
2875
4804
9924
2742
3901
6249
7650
3144
4803
2355
2808
9083
5497
4772
1127
4984
9963
8235
9830
288
447
6883
6013
8674
6964
3697
1845
5257
9309
4537
6960
3266
7763
4193
6879
5384
6082
9804
1005
4400
9871
5254
670
2945
6192
6770
983
7112
9392
93
8136
1388
4698
770
7007
4884
7895
5203
4551
4828
3476
8962
348
2567
4143
8569
3806
9458
4302
2654
3579
8459
4800
2581
7660
4408
9537
3439
5813
7639
8765
501
4139
1638
8535
4171
8290
5426
1474
4876
6818
3786
5546
5806
667
2088
6963
3719
9620
7704
8043
5148
7945
3246
27
5896
5562
644
9671
8612
3775
4041
1542
7467
6212
7371
6850
6393
3512
6445
3448
6700
9376
5699
801
4720
1795
3825
5092
5056
977
5015
549
2726
2594
3199
5061
1811
2978
5542
5238
6157
2658
3666
6401
4774
3075
7840
1701
7440
9559
3764
3030
5945
4498
5783
8850
4099
7760
9045
8597
9278
6172
9532
621
9029
2999
8740
4194
9735
6107
5537
9731
1873
5356
6886
4721
4061
8314
1021
3800
3392
5065
6948
1201
1171
3972
9853
6336
2178
6387
5711
2481
6470
4214
7554
7231
932
8330
1661
736
1176
4402
84
1182
6209
3896
8433
7768
6539
1858
5950
8692
7842
5766
360
8948
343
1727
5292
3788
9516
2048
7305
6671
3525
6699
9322
695
1051
696
9803
3879
1102
5974
2414
9378
5374
2513
4725
102
9057
264
4696
5784
9202
9462
8368
496
8659
2772
1331
9015
2364
6545
6327
4916
5764
7641
1018
6985
6370
2228
8592
6501
8044
5284
2166
6637
7913
3004
6891
6971
1446
3460
6001
7604
5057
5865
1850
4653
2786
3159
7161
2501
493
1529
9770
7578
2782
137
2438
8836
1286
2969
8102
8244
5376
7774
5646
6275
6472
9998
4428
146
2539
9369
2692
2507
3876
9705
861
2204
1117
8305
3315
4347
9456
4955
2099
5089
6017
7522
9567
4930
7277
9740
928
3069
8221
1013
968
1216
4249
9689
6187
7063
60
7081
5460
5741
7375
9667
8204
8447
2763
3396
2683
8975
9316
1803
4789
8249
4229
1140
2564
7399
6732
8202
5734
4031
4306
2816
2510
3102
1931
3994
3258
6320
7717
9820
798
3123
371
7181
3063
7525
4449
5938
522
9131
8241
3701
5993
6547
5396
5278
8294
3511
1954
5013
8125
7558
4013
4873
8503
1511
1738
7289
5905
3675
225
9752
9317
9446
6847
199
7036
3259
6437
2054
2117
18
8666
4838
310
2465
7421
203
3642
9323
6892
478
182
581
4648
6109
4860
3985
569
6460
2729
5424
6020
8380
5688
7543
8843
9115
2747
3357
883
9801
3672
9397
9325
2880
4475
840
5999
6614
5936
5862
6428
7709
1917
6690
9722
1489
3851
2036
6815
8194
5530
8053
4282
4314
2060
4023
1797
4490
2310
6478
9004
5498
442
7905
9891
6941
6085
4044
8958
4298
6836
8580
3809
3504
6086
2477
913
2183
4028
734
1198
2360
2175
4016
6420
6467
6576
785
1351
3801
416
9911
2878
5207
220
3646
8228
8978
8315
4601
4446
7353
4359
8276
6785
9338
7061
9068
4586
1055
7764
4238
7832
7609
5880
5607
4990
4104
1251
7474
3334
6559
4071
4492
306
4746
3403
7308
2952
4100
4616
9547
5815
717
6507
7561
5851
5925
9494
1815
6227
6999
6349
4000
5390
5638
7429
7242
6677
81
898
5652
3834
1380
5431
1996
8778
1520
5736
4048
4216
4569
7732
6714
3662
8884
8897
1131
2168
5135
2151
9090
1147
9709
6207
9651
5858
1750
9110
6490
6630
3042
7127
888
1375
4403
4220
9321
7297
3085
6186
9575
3301
3720
2336
5249
3438
3207
7827
5669
5452
8676
8615
1011
953
5375
3023
3251
356
9844
2487
1951
2375
9348
6282
4040
9812
7718
4504
1944
4760
7593
2826
9923
9855
8655
661
5191
9743
384
4390
97
9647
1443
8188
5650
5146
6582
2227
2090
4940
8274
5104
3749
6797
2676
9634
2948
8936
309
7079
6864
6549
8855
8734
3312
3855
89
1038
9239
7831
7539
5348
8570
4263
8263
3496
7397
6982
4558
1900
7727
9025
1015
9957
296
6696
1039
2750
5528
1762
6736
3278
284
2097
8114
4323
7218
6271
1464
4205
2440
4073
3485
3935
7693
8830
9002
4794
9847
7581
1047
2297
3991
704
5822
1455
421
9155
177
8357
6747
1653
8918
6374
6541
1781
10
6520
8508
9707
7451
8876
6816
3352
4531
6381
3498
474
2386
3840
6786
9555
6906
9786
7386
7015
350
9772
7857
8215
4195
9121
317
8847
9367
3815
1562
1482
7339
3198
5930
3601
7999
6190
9837
5623
7896
7456
2421
8952
4849
4738
7470
7204
3875
6380
5331
4307
7006
1563
8743
655
7742
3031
7415
1057
6757
2328
701
4172
4192
3714
1160
2804
8213
8558
8246
6169
6592
5825
9073
7307
6361
8112
7915
9556
9335
7069
2050
3324
9265
8287
9584
6462
5125
8623
4522
5475
450
9061
6313
3856
6377
2049
8395
730
205
7145
4184
6972
9597
3051
6004
1807
4151
7446
2200
7337
8848
6328
8129
212
8706
9944
7196
2162
6543
9339
5823
8265
7772
9905
9165
9564
5200
4042
9841
477
3121
4098
1879
4188
9873
8591
2316
9782
9152
9433
1179
807
272
5857
6243
8510
4993
9079
7714
8406
1821
2869
6166
1056
1262
1155
4631
8475
7887
3526
9125
4218
8527
6606
2566
7005
8280
4351
2822
6888
6231
2400
3917
8802
9098
2895
7034
7730
9260
3909
3219
4854
5895
4781
7865
9628
6279
4480
5243
8742
4904
8474
2218
2735
5645
2733
8152
1231
5123
9931
2857
3752
8107
2137
3256
7651
6705
3310
4067
6529
6392
685
1341
9798
9060
7888
5062
5951
7356
7009
6540
1685
979
24
4830
8708
4846
1437
9939
419
555
5156
7272
4516
5707
8322
2342
5661
1087
7557
4274
1135
7580
1544
3345
7839
4338
4364
1314
716
2963
1874
432
2165
4494
346
867
3836
2160
8703
8640
4942
7683
6746
4250
7864
5849
2783
816
7244
2338
6581
7810
5109
2416
1502
7628
3640
4271
5663
7226
9308
6821
9836
340
7953
8643
1167
6124
2276
1517
3344
4673
7004
6270
2718
6981
7590
3281
9087
2757
9292
2155
7648
9551
6703
4170
6256
1525
3953
869
818
2273
2977
2813
3539
9473
9436
2187
6021
2014
9206
8120
970
3290
9498
2144
5678
6662
4046
1422
7227
7669
4424
777
5434
2920
1639
5212
2504
7457
1941
8653
5723
1128
55
757
6360
5114
981
7587
8448
4777
3907
784
7932
2597
2294
9832
8211
4757
9810
1745
6439
2613
7548
3973
7461
2678
2916
3472
8016
1710
3871
453
1211
9
4203
4080
2622
7179
6724
1381
9439
2789
4319
3619
5973
5409
2257
1612
9569
6429
7076
7503
4862
3537
6105
584
599
4997
2041
95
168
6168
1223
1854
6798
2285
6607
4646
5850
9310
2891
8007
5985
5881
4252
1634
3082
585
8337
6051
1094
9502
197
3778
2026
2381
2814
5446
1063
3948
1675
9299
936
6250
98
6267
2800
7828
7464
6837
3716
7202
4946
3379
7911
3206
6902
2028
9008
9930
5291
9934
9754
6852
4296
5792
115
269
5855
567
5809
8128
5169
2246
4376
857
8813
5336
293
8719
7970
2632
7901
4130
2449
7330
6646
9517
7797
5580
386
1031
2807
8323
7644
6622
8164
9881
934
3820
5111
1891
3711
3343
6054
1860
8348
9608
1848
83
9094
637
1773
1546
6399
118
906
3810
3971
59
6452
6066
8285
3153
7781
504
6149
6694
2663
8166
6084
2601
5288
6403
111
3744
5687
4448
9632
4199
9951
7851
1312
3529
1418
6179
2817
9515
8173
5392
5194
4066
8011
3665
3099
7904
1576
4964
4787
1522
805
1732
1708
9275
6949
4818
8094
2430
9128
9829
7726
5935
3848
9566
2115
9100
6334
194
5014
3261
3169
8379
431
907
1754
6347
6550
6519
5208
9964
4014
2428
299
582
6258
8604
3903
4947
3869
6390
826
3963
4952
458
1026
3361
5885
8369
503
7491
6350
4126
7739
1810
7566
1188
9306
8430
5684
3013
6719
1040
9985
4241
3517
2240
1579
1516
809
1017
5777
9471
3252
2621
6538
8576
2865
2835
9222
835
2867
7735
1897
7203
7299
964
9136
6841
8663
6206
2796
7518
9377
3377
3115
6016
7343
7185
1602
3309
8729
2138
5801
5838
3571
5084
2374
557
4495
8298
5271
7663
4175
4108
2918
8772
5155
4001
2304
3929
292
8844
8732
2694
2647
5897
7325
1770
4043
2403
7653
5948
618
2456
2803
6291
9107
2576
8056
3685
9594
7615
4198
2723
9965
9779
8261
2898
2687
8539
7741
9160
9050
2979
1477
8472
895
9237
5006
6358
5066
3429
91
759
3969
6557
2461
3432
448
4530
7929
4611
9576
3286
1645
1947
6998
1360
2106
3682
3543
5871
2293
9920
5864
6106
5151
7294
2505
3723
7791
251
370
884
1412
481
4479
8913
8037
6509
125
7935
233
7617
8198
3936
1535
7933
8021
4542
7605
1921
8156
7575
548
5480
4886
8394
1414
9795
1812
1505
3653
2536
3709
9662
2990
7225
7720
8411
9235
1660
8456
8068
8542
6449
9558
7286
8185
6139
2925
7936
1317
7288
8568
3300
5659
5050
3270
4342
1321
5101
188
7785
2003
1923
1820
7235
70
3149
611
9465
7199
6466
7164
3407
4982
3798
3660
2010
1771
2703
876
9476
6373
4501
8434
2080
3673
4805
1014
9022
156
9996
2765
4422
9737
2195
6670
2256
9621
1930
8856
1481
7747
1493
7655
5459
1989
7175
5869
5673
9943
2292
7600
6674
7248
3560
2637
9800
3542
3044
9092
7261
2982
7952
3093
763
990
5636
7033
9849
4758
6898
7664
3597
4025
8110
570
90
5382
3570
9225
9274
7098
9137
7105
7497
9099
9603
6027
8731
513
201
2761
6237
6718
5393
7207
7751
3167
9953
9312
1949
1817
1620
594
8093
2767
8095
9791
9796
64
3982
6779
7263
2345
6175
3664
4228
6378
4245
5501
8099
1536
9010
4808
7574
152
2442
949
471
5943
5731
2302
5223
1232
9758
4852
6133
2408
4672
6170
6825
6854
7521
2996
9168
3781
2121
7922
2046
2320
4922
7834
7180
2242
3445
5878
1448
1052
7674
6885
3105
4935
6656
2325
1652
3594
1019
9210
4814
1256
5513
5369
7994
6382
4122
3555
4637
5041
9693
2667
4921
2995
4712
5166
5344
270
1399
1826
4489
7636
6895
1514
5818
3189
731
5321
6493
1964
7598
6934
8064
3645
229
547
8363
2475
7097
2135
408
4917
2488
732
5193
7591
9252
6035
7400
9519
7129
4029
3618
5984
364
444
4773
9623
9513
3610
9398
4609
5560
1497
410
4068
3567
50
2559
3106
3659
5168
6867
4844
1940
1137
8253
2230
138
4841
465
2363
8040
5679
8907
5136
4371
4640
986
9228
4936
4832
8109
1537
1841
7594
5232
2899
5608
20
4109
8549
1068
829
4202
897
5609
9361
3052
6308
7381
995
3019
1856
5301
6604
2573
9503
171
3656
373
3942
654
1197
8921
4415
41
1992
9468
7912
5272
9711
4333
5347
297
1656
657
6238
7537
9907
8853
1473
4464
9673
1335
7570
5362
6154
2583
6535
7758
7979
2344
8744
518
1249
7689
6619
4619
6835
1097
3398
4950
2340
1960
7193
3695
7401
7625
4524
6680
3725
4599
9690
2953
7407
4145
8661
6010
6022
8417
8501
2512
939
8154
7494
8352
764
491
8160
3364
6967
7186
7336
9442
391
7982
2547
8051
6561
7710
6740
3509
944
4607
3035
3187
4224
7014
3977
9753
6512
9699
7412
4236
7344
782
562
9048
6510
1008
9186
4523
261
8543
5874
2062
8770
1709
6117
9156
7955
1257
9027
3433
4881
2967
9941
1415
2911
2071
5352
2399
6043
4885
3386
1651
9217
5795
4471
1315
8158
6225
8519
941
8996
4977
7948
8914
796
4705
9520
1195
5219
4532
7968
652
5304
5733
1033
4986
2523
8219
4081
3332
3443
7623
9700
219
9194
3319
5441
4635
774
7282
3807
4304
7118
6623
4155
8680
7762
7997
1457
4995
8179
675
7809
4022
7234
3320
7770
337
3500
8150
9195
3888
7579
6527
1972
1192
9851
5962
7960
9218
2586
2148
904
9876
2391
7178
4276
4335
3389
722
191
9730
3262
1515
405
1387
274
2554
9858
6563
239
3535
5633
5983
6126
4825
9132
1837
6572
6554
4433
1283
9954
7111
8507
3546
2017
5073
9509
5270
8973
1884
3747
5211
7789
2390
8982
4060
8764
9380
3225
3494
8752
1183
9302
1190
7093
4179
2029
4496
9483
3337
7893
5890
4465
3622
6976
4005
1611
8684
5195
5788
6284
9253
3677
9945
5017
6940
6018
2578
2188
1704
6515
1250
4924
7053
8115
962
3793
3753
5027
5239
9051
6176
8943
9777
387
1971
4103
7931
4655
2358
1070
4332
638
2133
7500
128
5668
9179
7564
758
1180
9918
8443
5025
6627
9076
3950
7715
6744
5496
2864
298
1730
9063
39
3975
8513
3349
6005
863
2670
2901
5060
7427
7333
6184
3938
3988
4472
4656
6037
6438
5739
2007
4388
6903
3462
9626
606
154
1339
2225
4536
8811
406
4458
4454
294
1846
4094
9748
3064
5080
8192
6218
1484
6365
5641
4970
44
9182
3253
9761
3143
5594
5601
6823
2677
4142
6600
5861
8561
7696
9188
9340
8720
4286
2384
5927
6040
7670
7312
3351
5904
3307
8058
7250
3556
9816
9012
5750
2295
974
4887
7089
9916
651
1168
7722
9149
7197
6709
3417
8139
6465
440
1586
7816
4133
1112
3273
2101
7047
8039
7150
8698
1790
7274
1492
2909
9982
6801
4644
4463
6337
6363
7011
1486
7130
2879
2546
96
5550
8579
9024
6660
5106
6588
7379
200
8886
4411
9565
3730
5189
4097
8042
740
5190
480
9670
6309
2913
8101
3564
1958
2423
3670
5320
2930
2244
9983
8308
8872
2318
8398
2185
1684
1534
7527
4339
4834
5457
101
9204
822
5085
4572
1749
703
5456
2849
532
5516
9835
9860
5273
8518
7295
9162
9085
5937
5000
3735
2690
1998
1990
6189
1594
6167
5009
9674
3727
7992
2848
7278
8516
1548
3770
3244
3077
5287
5448
6695
5833
5198
4115
4747
9405
2425
6344
141
3561
2946
3580
8286
1876
461
2553
8815
8491
425
5502
5754
2299
1994
2773
9267
8017
7000
3748
3255
993
9988
1365
7619
702
1156
6741
1085
4349
8556
9184
8346
5923
2280
3532
4121
5052
9909
2380
4340
5411
8008
6811
3375
7801
9460
65
5894
6583
6644
6880
1617
3551
5308
6640
9686
3843
636
4534
1172
5762
5397
6838
5834
1424
276
3011
3276
342
135
5036
5744
6067
4708
1581
2931
7959
7418
7937
4186
951
7744
5603
8899
2424
1982
6376
4717
7629
4945
8741
8004
9431
5410
660
2531
2861
7030
2986
8296
4350
5681
1332
3383
7924
5435
6413
3772
5436
3055
948
5830
3306
7559
8796
9315
509
1213
2411
1275
709
7003
8590
9726
4301
4649
6589
8582
5976
7167
164
9995
1174
3151
772
2940
912
6793
8515
1697
2936
1010
3964
282
5470
9437
1590
8206
9806
4363
9416
380
6389
8132
729
3502
4154
3632
8420
5521
9960
7360
4998
2538
6415
6069
9947
6790
4500
1
5388
9856
4057
575
3813
167
87
7616
8859
4318
9742
7940
3250
2382
2845
8086
5476
2116
9028
6492
1782
9784
4861
8457
6506
8388
3486
417
1616
8784
6707
9043
1549
7951
