1933
1572
1367
1793
876
569
758
1114
499
1753
1927
1480
348
1212
130
1555
445
743
505
1471
1403
1081
1742
1332
1884
1765
5
874
723
1066
1758
634
1998
1119
997
25
175
1619
403
1804
338
1948
508
1483
1620
539
320
1980
13
1701
1059
70
555
1960
870
863
1079
1718
1144
1095
1656
360
160
1128
724
862
1106
1744
1435
728
1021
188
798
410
384
1299
617
1609
271
315
1851
1020
1183
1603
1057
761
367
1516
1217
960
1227
1538
479
520
1141
1151
1049
217
1003
784
1373
836
1586
364
1234
1421
1028
1394
632
345
741
602
1256
980
1553
923
932
1346
177
1117
1989
1630
1354
40
1424
80
1544
1124
1323
1812
1661
878
248
1356
886
990
588
1848
135
1149
1685
700
1618
10
1127
1761
1257
1585
155
1241
311
1285
1075
211
1646
342
486
220
834
630
709
459
823
1634
1595
1691
587
1526
1042
1029
289
416
441
1433
1903
57
1213
852
481
141
1926
1547
1072
1674
933
184
1876
192
662
1827
670
290
1416
1199
639
1644
572
565
1099
1272
1791
1919
1197
731
1300
497
1445
1038
48
24
1543
1805
1086
451
268
11
1606
405
1766
483
357
814
1050
246
1351
491
753
1530
1822
1710
1337
710
1715
665
940
1251
114
973
1486
96
1912
1226
1418
1735
646
607
772
1688
1625
706
1816
659
711
64
407
971
369
1592
506
576
951
961
1355
200
742
550
208
554
1986
1635
1945
614
1863
647
782
395
739
1052
603
564
1479
942
1810
19
150
533
1714
1232
1195
1155
1584
428
31
286
1402
1135
815
892
1129
759
826
101
1165
994
1322
1304
65
1368
1252
1357
1732
1725
419
287
1215
903
692
751
1602
1132
452
1709
1617
1145
865
39
827
1170
1476
707
1801
866
305
1160
1238
1462
605
1180
1082
1482
927
1030
916
1058
1729
1820
1721
756
573
613
396
838
432
1671
1400
89
1934
1249
447
1140
1591
1908
381
1654
1131
1389
701
781
920
1137
1362
571
228
833
1006
1307
18
1103
1865
74
580
60
379
856
954
1741
787
793
1995
378
1652
1598
1769
1491
306
821
412
335
529
764
1282
1622
206
1041
4
871
745
1046
63
799
966
1315
1484
528
1260
542
82
1734
704
695
421
744
546
269
93
1657
1442
1626
969
81
676
1669
1458
1339
1237
1269
1286
1503
681
426
1210
448
1790
1489
343
1823
626
245
1590
722
151
1054
129
1005
27
168
1444
1615
1036
1784
1091
341
748
187
1450
1938
8
959
1898
1719
372
1090
1492
656
509
165
250
1892
1826
1779
1376
1163
1841
765
258
817
15
1959
579
408
1570
1520
95
1614
1305
791
578
492
851
666
485
1787
1800
674
1179
1988
661
1157
242
968
912
801
1875
154
812
1000
235
1314
1663
325
1677
1821
845
1877
308
189
1468
1716
1250
56
596
628
1011
425
1417
255
1465
1888
919
1063
970
993
599
1566
267
273
131
928
1901
1869
957
1446
860
770
696
842
1126
1194
1104
472
1130
366
1094
391
1961
1500
1702
213
1053
778
1757
1327
1807
510
1814
561
339
996
344
1984
1310
1829
1017
864
1319
703
36
1407
1856
979
1529
820
1896
610
180
922
1944
1136
1880
999
640
1531
1298
893
945
1040
1920
1862
1607
327
227
629
840
721
1843
303
394
88
648
1274
1454
1982
1415
20
111
850
1836
535
1311
232
295
215
377
72
658
484
1902
618
1306
414
247
1670
1125
1885
965
1925
1328
847
1565
1505
930
1092
1312
1587
895
43
558
1478
257
1436
98
309
1069
1019
843
872
1434
1990
1518
1589
830
226
1295
902
249
161
1247
848
1752
1507
1198
1897
803
71
1499
950
619
478
1594
684
401
1965
461
204
1109
33
91
1023
597
1873
1221
527
1121
1426
1187
78
1773
1102
877
1497
471
1397
687
1100
313
804
1334
1361
1548
1568
77
635
182
1575
1393
159
732
1255
1413
22
1922
431
299
975
156
553
1423
1277
867
1763
1230
881
1024
616
512
1246
457
337
382
888
952
581
102
1451
590
752
987
310
1138
594
1906
677
1448
1511
373
775
664
487
353
1532
201
937
1660
1207
455
705
354
964
1940
387
1631
763
548
869
1837
1580
1501
488
174
914
1953
1296
816
1016
1431
1035
507
270
256
438
234
1242
1528
879
1564
938
557
1562
1498
1166
1047
645
1537
504
1203
1651
1733
1818
120
718
773
1736
418
955
1639
100
47
66
899
824
1893
1950
110
1280
541
1613
683
1158
1690
260
560
1512
1706
1240
727
1525
1290
1033
1087
1768
103
1886
516
380
577
1045
1336
1932
1161
1174
140
21
385
1009
1159
1894
1156
282
1404
148
1380
1834
948
145
976
1999
1259
272
398
477
323
1676
1917
358
575
1740
1947
1490
1111
1643
1968
598
1244
440
68
38
1905
1333
891
3
796
185
371
1233
331
233
1385
609
1750
221
949
672
1088
991
1858
1693
409
1546
982
281
1018
1861
127
1235
746
1293
406
762
797
749
52
1365
1979
231
551
1970
1012
6
924
641
1687
1485
1110
307
663
1985
85
454
392
978
660
374
1169
1605
1236
1267
75
340
786
1966
244
467
439
1845
1204
822
283
279
1463
1065
627
729
1535
41
585
239
1039
1939
1931
1524
620
219
1515
931
699
1681
671
673
1774
1929
513
172
1578
1493
1112
326
755
1871
1178
361
1971
1924
1847
1659
30
795
238
582
79
910
642
1824
1430
988
347
1974
612
829
1899
883
712
329
544
1115
284
1789
1056
1864
1692
489
989
685
637
1439
427
1331
1541
1089
1764
734
686
1563
490
1291
766
1583
1577
1412
777
1726
1405
415
1037
943
595
873
429
857
1188
608
1889
1792
1749
265
278
1219
463
1372
1554
417
1755
1048
896
832
1231
1292
388
643
1870
1401
953
986
783
556
713
1343
23
885
586
853
1287
266
1184
589
1649
328
1991
1460
757
1279
849
1700
502
737
1582
443
346
1973
1193
1770
935
1467
593
104
522
158
32
907
1842
1359
1647
633
536
1258
1309
858
363
26
106
566
1139
1795
424
1712
1443
1025
171
1153
435
1318
1704
1375
1540
1297
1422
1185
1698
1182
811
1461
904
503
356
515
1534
519
44
738
1026
1521
654
61
54
1849
1802
1838
1206
222
1172
17
1265
193
1913
1387
947
1994
1455
655
1954
1707
668
807
1854
831
1981
1762
1962
224
67
1785
243
1321
113
1262
693
1438
1276
1682
119
1846
55
908
1636
350
1175
1806
532
126
1579
1261
1452
1222
1
280
1756
376
574
1987
780
370
1759
1612
837
138
1839
300
186
1724
1382
1963
1813
929
846
209
462
1581
252
162
854
525
393
1569
399
1396
694
1552
1146
1951
1794
1508
122
1694
1152
1921
1472
785
1070
1798
1340
1071
1425
1352
1243
1509
1410
456
720
537
157
726
411
563
84
434
473
1928
203
1349
128
1074
688
1891
1073
1289
1815
1967
1777
494
496
1683
1481
223
644
453
1684
1022
1162
1419
1275
794
1085
1338
530
351
1611
112
917
1220
1977
1811
898
1408
1398
604
1633
1264
1797
805
1031
1748
841
365
1835
716
1666
1914
1266
591
1002
1386
740
1068
288
1171
1278
1596
750
1440
1857
116
809
1001
436
1143
1133
1571
51
1428
1061
35
1225
1621
1550
202
652
1147
1642
984
108
649
911
1610
1640
1895
689
1414
1067
1860
475
1576
963
139
1936
321
1466
236
894
958
319
1942
819
301
611
1313
212
521
638
105
298
1013
1711
1574
1745
1772
1105
312
806
50
1097
1341
1108
1288
1632
1254
1616
790
925
774
1502
355
1302
1196
1561
584
1470
678
813
1358
1935
624
1192
897
1504
615
1859
760
230
1316
651
985
570
1776
622
1181
1697
592
1395
132
87
776
1477
117
657
1200
667
715
1390
1209
962
1558
714
1713
1624
1771
736
567
1116
332
800
1248
1887
458
210
1273
1909
318
501
237
934
1032
600
1623
1004
771
1916
1098
29
314
1514
136
97
109
397
1347
147
926
1754
495
884
262
1782
1872
181
1015
708
901
58
1943
1840
698
42
1202
1662
1879
333
543
1653
480
1907
254
1330
183
606
583
198
285
625
725
191
1597
153
1703
1890
1189
1969
1218
601
1833
1828
1997
1976
1533
1154
49
1957
137
802
1107
514
163
1523
1055
1320
466
1539
1689
1817
498
547
1604
470
1325
941
861
444
420
1366
967
251
1751
1487
1522
921
1077
1475
669
1708
1601
552
275
259
450
362
1377
264
1867
446
810
1469
1788
1588
526
905
1972
702
906
124
166
45
1699
531
1344
1191
1409
730
167
1427
169
125
981
517
1364
390
1083
1391
1342
1392
1148
1608
1728
1686
1101
1956
1216
1878
225
1456
859
214
1283
779
449
697
1076
1900
1464
16
402
62
1224
1831
717
768
1955
944
1996
1937
359
1738
216
682
1014
808
1637
1645
1672
1096
534
1510
152
297
621
559
1796
1517
469
977
844
1664
1060
1705
1746
1527
1910
1326
1173
839
868
1459
835
1363
1952
1830
334
164
1696
1673
294
1655
400
1201
460
1627
680
1374
1488
568
1406
1245
623
263
719
330
1007
1638
754
92
1731
1783
650
1118
855
7
107
1164
511
1850
1294
1695
518
291
207
133
73
1168
9
422
118
293
1874
1883
1993
538
690
1223
199
1667
1853
197
1284
1123
190
304
274
218
1369
1781
430
972
59
1556
1722
1723
1078
464
349
1301
915
1167
909
493
1399
1946
1384
631
1720
1474
1975
769
1008
173
1142
368
1317
545
90
1983
1494
1964
1350
253
1383
46
880
1449
144
733
1271
1786
404
1599
474
1080
691
386
1803
1211
1360
1680
1010
375
983
442
1093
998
562
939
1717
956
887
99
1775
1648
1868
1904
875
1560
317
1678
1432
1186
1150
1122
1371
1324
1882
383
1992
1730
523
1727
1335
1911
277
423
1958
825
936
476
1739
53
76
1453
1270
134
437
1229
900
882
1519
524
974
1308
540
1205
1495
1668
1567
1780
918
1303
176
1329
1044
292
34
500
14
1134
1915
336
1263
1559
1447
241
1190
653
1930
1513
322
482
946
1809
146
1388
69
1411
1437
179
413
1536
12
1348
1641
1176
1064
316
195
549
1345
679
1027
1918
1239
789
1949
1629
1557
1441
1628
1228
1832
142
889
1737
1658
121
1062
675
767
296
1866
735
1825
1573
1473
1747
1978
433
1253
1844
1378
1665
1551
1799
1034
2000
1675
1177
818
37
995
1778
1370
1767
1120
302
1852
389
1819
1281
143
1542
240
1268
1923
1650
1043
1549
123
324
1545
1593
1429
1208
2
747
1457
1051
1743
465
28
828
194
1760
1496
636
1214
94
229
1855
1353
890
149
1808
1881
170
1679
1113
788
468
178
261
992
1600
276
83
913
1084
1379
115
196
352
792
1420
86
1506
1381
1941
205
