3456
3781
3245
4420
4607
1516
781
4560
1487
2450
4461
627
4198
2041
1109
1316
1365
1858
2348
2848
878
4153
2870
4877
3086
1609
4637
885
4919
4478
3773
4096
192
4500
1701
1996
4447
4624
502
44
3123
3025
3988
641
120
296
4728
4460
2206
4580
3326
604
3475
1477
1205
4429
2292
2816
3812
2311
2213
3076
938
4601
3130
4004
4066
4033
3763
1740
4557
210
1174
1766
3489
61
2713
4664
4016
1511
3691
823
1878
378
167
102
3382
3692
4927
90
1861
1906
3588
128
4237
3663
4413
4831
3654
2255
4653
4659
3051
696
3996
3512
2535
72
4948
2932
923
3429
148
1188
3800
1218
3393
2850
4
3305
859
2003
4382
4582
4380
2515
4144
4606
3002
3122
3251
3379
2237
4073
2888
1882
4399
2662
2826
200
4250
3856
3421
4903
3894
3193
2543
194
4410
4556
3218
592
4140
867
3091
2405
831
3685
432
3409
371
2468
55
1318
2422
3957
3981
1157
865
3214
1763
4644
2825
4488
1899
4710
2164
945
4367
4288
2903
1215
4740
274
1941
1048
3804
4504
3902
1937
4769
986
1435
4880
3101
2183
1106
4365
953
158
2493
3917
3891
3631
700
2212
3283
942
171
407
3615
3225
2302
438
3948
2290
2158
2512
4978
4102
1844
4952
3870
2975
1333
4951
4982
3673
3282
4242
2579
2915
3863
4047
3047
2538
389
3514
4471
3108
2022
3234
1533
258
3072
3801
515
3292
3467
2336
2162
4002
3010
2755
1811
2317
227
1324
4235
2407
3339
3537
2349
3346
3436
317
1197
3666
861
3908
3493
1228
3011
1881
1926
2614
1558
4920
532
4736
2718
3676
4887
3912
3
736
3425
1684
1936
4037
3787
1681
1715
4918
4661
4852
2898
2532
516
3778
4689
2070
215
2256
2494
2289
4024
3950
64
106
3754
4739
1755
2199
3152
4938
3032
1457
391
2712
2229
1721
2687
1412
2445
3932
259
3216
107
3818
1698
1904
1181
39
4193
4958
3415
3817
3183
4432
1529
4992
4554
4896
1478
813
2630
1285
126
2609
2774
987
3395
359
2447
2523
4007
2279
513
1288
2124
4963
4621
235
345
3179
2381
4285
4600
52
2945
1687
4713
4888
4156
1596
4574
1234
2677
4503
2788
269
3146
1846
1526
507
4239
244
3445
3279
646
123
336
3893
2829
511
647
4714
1111
2674
1923
1091
2500
1758
3888
534
4304
1006
812
4800
687
4246
3175
1289
3505
880
2441
2077
3889
4623
1737
1425
2502
1354
1628
4456
3202
2878
4766
2202
4067
2856
1389
161
4133
3655
68
1390
1593
725
352
692
3890
4926
96
4545
2999
1275
2700
3009
701
3355
1277
2531
4844
1381
410
539
3790
414
1765
2043
4999
1820
1949
82
249
162
4564
3558
4019
1978
3029
4936
4256
4703
4633
2656
1756
4678
4245
9
463
321
786
3664
863
3522
4857
4168
852
519
2708
896
3398
3331
1595
4823
4744
2030
2652
2214
4850
3569
1273
1396
1648
196
2094
202
3604
1127
907
1713
2409
4680
1750
2103
4006
1260
1962
479
2406
1718
769
4510
728
4433
3325
4725
3838
2669
290
4021
3394
3232
856
1302
2315
950
879
3905
2731
695
2551
1464
4513
4775
684
2062
1337
912
3699
3849
2618
2011
69
405
4218
4806
2567
974
4003
2922
3823
3163
2294
3839
830
2274
4657
2394
3254
2710
2585
916
2191
1515
3418
4286
1817
924
2122
2115
3580
2018
2019
3913
2924
3733
1055
4263
4115
4704
1180
3985
1317
4270
4387
1002
4118
1474
4900
2293
3630
2254
2785
2392
1414
2461
2333
1230
1153
2239
662
1955
3185
4050
3865
2827
617
1867
3722
2218
4434
1539
3224
4960
2928
1803
2872
707
890
554
1556
17
4690
1688
4329
4579
1021
718
2657
1453
3210
2863
4662
2373
623
1876
142
3941
2065
2491
338
4279
4336
4867
4421
2568
452
3632
1247
74
3690
1997
3267
4439
1703
236
1154
3153
4036
1491
1413
1449
4986
4335
4492
866
3686
3541
3601
2263
3272
2767
2414
876
3290
602
4722
2851
4306
1497
3125
440
3373
318
3265
1296
848
717
174
3911
666
4199
3757
2236
4402
897
978
3614
1554
4104
3575
2534
2083
3134
1547
4058
2768
4883
4077
2424
1661
339
3962
1084
3461
4450
3999
160
1555
4323
1712
1959
538
59
1617
2616
365
4462
275
4551
4301
4448
3529
2794
3850
3349
1229
1013
4309
1276
2717
3599
3389
2973
4180
2742
13
1083
3848
3798
3495
4686
1492
4590
1565
1208
4822
2995
2296
3299
4539
3392
3336
4139
1631
4525
3322
3789
3952
3903
911
3465
943
4220
2621
3347
3943
2455
2511
2389
360
1940
283
1016
3158
1448
1062
3590
2972
3610
3414
1459
3416
2893
1736
3811
2887
3323
3088
2991
756
2874
3904
4526
697
4106
4341
2154
4411
992
989
3131
4389
2891
1772
1077
387
2775
1015
580
3714
887
1893
46
1789
4311
4022
3335
4348
4812
847
1107
1890
977
3586
376
343
2217
2197
3007
1105
1707
4041
1714
886
1498
1452
4962
1668
2641
1014
3530
1041
3314
4933
150
4675
127
1352
4530
2370
791
2156
2936
4383
4753
306
4441
1495
4923
1050
402
2603
1122
1669
1233
228
526
4860
1743
2127
4791
4083
187
1308
4697
4905
3084
2324
1409
2497
1697
4114
3571
4532
2215
441
1160
4464
1621
1527
3097
4674
1569
3284
4693
2453
3154
16
895
2805
3438
3579
1019
2545
4973
1052
3761
3222
3670
1431
4821
3844
1630
2341
4428
3767
1309
740
1725
3724
3926
3501
2160
15
3534
4105
3370
4873
3126
3109
3424
252
2952
4527
1813
2977
3519
1682
1469
3658
4723
292
4979
382
2483
3289
518
748
3749
1520
1948
247
116
2578
4203
839
1214
960
4961
2530
1891
4149
4283
417
4109
469
2415
1871
2555
2904
2307
544
3539
2473
278
1061
3327
203
1999
648
1003
3281
2454
253
499
2733
4437
790
2509
439
4477
4370
4798
433
835
310
3751
729
3665
3174
308
4374
3468
2810
1917
3927
955
276
1445
4516
2134
2974
2941
3980
1690
3257
2090
964
3166
3341
4202
970
4151
2949
1705
2617
883
2428
2278
2430
2837
4282
333
2734
1095
2716
1090
3357
2310
1444
1592
564
50
3650
954
1960
4324
543
2135
1974
1643
4517
1875
409
3262
4909
3440
399
3745
1373
1685
460
4213
2155
2078
3775
668
4985
1615
4652
3736
3365
2715
3274
3719
4404
4761
3419
3974
3994
4352
423
4639
3723
201
35
4359
1954
76
3542
3923
1371
966
4616
1155
1029
3095
3706
4627
1990
3301
1140
3041
3433
593
1872
560
2032
758
2642
3466
2883
509
2267
4169
2569
920
3368
4537
4656
575
4876
1908
3055
4052
4026
374
676
1078
2200
375
2709
4630
2147
3716
1728
4186
588
4012
114
2833
1689
279
808
1397
2095
1361
3695
175
2080
2359
1387
4294
2689
798
2586
3845
2297
403
88
2789
3105
2364
28
4308
1356
751
4391
4615
104
1530
2150
2600
605
147
888
3171
2831
3554
3057
2419
2288
2330
4625
481
2967
3381
20
506
606
2057
1391
2372
773
762
1143
778
2203
523
2779
3527
3544
2911
3406
2520
224
4332
495
2152
4797
724
926
4422
1980
1280
4932
4684
3924
990
110
3136
2584
447
2189
3463
347
2273
146
113
1774
2925
289
3261
1116
4617
1415
1943
2867
3496
2048
3411
1770
4259
2528
1769
344
4735
2548
4400
3567
1563
4757
340
922
4983
4666
2244
2611
4357
797
819
3151
2119
424
2092
4265
2335
2149
2508
4069
2105
1438
817
362
4809
1170
384
3693
2962
2431
4355
3731
1484
3777
2463
671
1399
2702
1199
1944
4562
4658
4940
1660
1136
137
2980
4497
4444
1632
1637
177
456
2938
4290
3049
972
665
3161
1272
2060
4482
4249
4528
164
2782
2624
3708
2913
2935
4696
1848
4928
1843
1889
4980
3828
1115
2834
4509
3633
1024
1079
1313
1256
199
3868
2096
2847
3037
2435
3674
319
86
426
1650
754
1971
36
4913
4222
3515
1382
2133
4520
3162
673
474
4907
4000
3192
4859
894
388
3277
3954
3710
2440
476
1732
4206
2262
4934
3826
4879
2474
4085
3082
2910
961
2313
2395
607
2636
2668
1939
2786
1177
650
3874
4175
51
4273
1950
2354
1800
3619
2868
305
1814
3625
4081
1150
4110
3170
324
2781
1612
1979
4048
1952
1148
727
1674
3835
4314
3017
3280
4157
2098
2855
2391
286
2298
2882
4147
254
4394
3855
208
1437
4475
4494
1476
3081
2728
1942
2644
2982
4320
685
397
2602
4613
1483
1735
2627
722
4726
1427
4891
4862
2487
2167
2622
976
2776
1206
2181
1663
3205
4435
2880
240
1049
1582
1447
3271
3947
2016
1933
1189
1518
81
851
1184
1851
2736
898
2673
4481
4943
4271
4001
492
3112
3320
2703
1081
3595
1043
1192
2752
3310
1388
1426
2125
415
1119
3443
550
1887
3504
4486
1394
763
1226
755
1787
794
60
2479
1671
4204
598
1572
652
151
3621
2821
2526
4914
1076
2305
3520
3073
138
189
680
3052
2182
496
2337
4614
1345
2367
4881
2654
229
555
219
4832
4519
1175
4884
2840
3460
1510
1618
1799
1571
3188
1443
3697
651
2377
2590
3275
4747
1657
4543
3079
766
892
4233
3302
361
957
800
3808
1603
2469
3094
1400
4476
4098
4025
3973
4223
1254
4483
2113
636
2663
3502
2362
4512
3727
2196
197
2402
2148
815
3176
4583
1386
1176
562
3356
3949
2242
948
3951
828
282
1023
1051
3483
4837
1835
346
3682
2106
3921
2749
2345
136
1278
437
2707
4995
788
111
2897
462
818
2143
1902
3023
4604
3875
353
2100
3810
2142
266
2844
1847
4731
1131
881
3518
4360
3195
1608
2740
2238
4415
2961
3560
2747
3516
902
3242
237
1580
37
1432
3303
3662
4745
4824
4524
1886
478
643
3837
731
3129
3484
1779
2126
2583
3309
503
4154
860
4146
660
89
1158
965
1649
4211
2110
2552
1128
3641
3591
1424
1585
3702
1708
4578
3545
4473
2633
2756
2410
43
3441
3829
1251
1915
3986
3031
1262
2151
4802
372
297
4392
4312
3711
3203
4373
188
3074
1056
514
3497
2081
3311
3508
427
103
937
4945
1920
3187
3861
2403
2862
2246
4768
1597
2527
3705
4485
596
2625
1429
1118
4318
2457
3884
2258
2550
1451
1473
508
3056
590
2881
2701
4014
1087
2241
1135
2028
334
1907
1335
320
1822
2351
3342
4748
1739
674
329
3760
3263
2518
4774
2489
2343
3068
4254
2327
3771
579
2978
3548
2347
2649
935
3976
3380
2696
1633
1395
486
1503
821
4122
457
325
1667
2706
3075
429
186
4781
1860
4790
2066
2211
4987
849
4101
3273
2008
2481
832
2686
3538
4718
2692
2082
4855
281
1810
1880
4363
2684
4685
4632
2036
4924
2923
3039
1493
884
62
488
3598
4247
1312
655
967
4436
461
2380
257
3853
4638
1339
1416
4755
1531
2201
3474
2766
1369
4316
4423
3807
3587
901
869
2144
4754
2365
521
840
1551
1903
4257
421
2765
742
2685
1610
108
3391
589
746
1385
3939
2854
826
3649
3038
3139
4082
1678
2546
2434
3900
1812
3226
1314
2726
2937
1975
921
169
2027
2118
3080
3491
2944
2321
2444
2643
4251
3157
1357
1716
743
4463
2379
1075
2400
3739
3160
4631
3707
3688
3034
2885
2130
216
517
4287
4317
2626
1762
4895
2051
1096
3847
2813
125
3907
3140
3243
4148
4872
4720
2420
4227
1025
4501
682
3987
1987
1757
4166
1677
3585
4682
1512
2968
4804
3196
3270
1422
633
2640
2226
1331
3540
2112
3353
3244
3930
1589
4315
3769
2688
4898
2045
3765
1545
3565
363
4445
4840
2109
2101
2953
1236
712
1502
1203
4851
3680
3608
4289
3133
4699
1144
4284
2519
4969
1568
4708
635
2320
611
3965
2571
3390
2176
3223
3543
3659
2879
1833
3748
3006
1998
3929
1543
1404
4536
1126
1560
4550
903
2097
2894
280
4763
1946
303
355
184
3556
268
2283
1359
548
504
4733
4698
1956
4343
914
4915
1266
4345
889
4591
1408
1783
2533
2225
2064
4236
480
4185
1001
2588
2248
466
5000
2593
4390
1086
4321
2014
1209
3121
1186
1672
168
3622
4668
130
3836
1169
1482
4080
1045
2574
2266
1194
3453
4758
2339
3503
566
1683
3984
1200
772
870
392
4572
4034
83
2741
211
3137
135
1190
2836
1257
3494
2412
640
4917
4786
3898
2976
2053
195
330
1172
3066
404
2931
1392
631
1113
1786
3215
2544
621
1235
2171
4226
1434
473
435
2276
2
1132
2429
3255
505
3229
1374
4655
1970
4687
1355
4141
1901
2185
4358
1377
131
1564
2069
3546
4401
3766
913
3946
1253
2597
4977
3753
4113
2514
4369
1985
557
4032
1855
771
3348
1067
4207
1271
232
4894
3092
3648
4408
4502
3221
4388
2366
4013
1366
4597
3019
1864
3024
3864
1125
3576
4910
3535
1773
586
1207
4874
156
4561
1252
331
3859
4727
735
2295
3159
3899
524
4861
1930
451
231
3106
639
2318
1981
112
4518
1298
3067
2865
4351
1537
4937
3975
951
1191
1724
2116
1918
4375
909
4660
4941
4589
2251
998
2556
4095
2052
1363
3671
3042
4667
4152
4238
4770
413
155
4280
4196
2899
4648
749
3333
2055
2034
1066
341
1581
4808
4820
3114
2843
3377
3568
2876
4059
4327
2599
1654
1798
2249
4819
1282
4947
4814
551
1242
1591
1195
1977
3563
3755
180
578
4586
3635
4454
77
4788
63
4200
1561
3992
3227
2085
705
1306
1258
3410
4465
542
4195
2427
1807
1094
2486
2195
4103
703
3511
1753
4549
4292
1004
608
358
1039
2068
2271
3360
449
3547
412
4240
4738
3885
3797
332
159
810
918
1557
1166
3028
536
1829
2099
4724
3452
686
862
556
3102
3316
811
2565
3110
3990
843
1255
4865
713
4711
2651
2314
2342
97
693
750
101
1932
882
1220
3741
1570
4234
4834
3918
4529
2308
288
482
4469
2761
2730
1037
1784
4789
3492
260
3696
2390
2930
1470
444
3638
4074
2683
2812
3040
1145
3490
3589
3637
2549
3967
4976
3669
1870
1850
1489
4904
4742
2243
2770
4451
1866
1501
1336
2846
1393
1693
4328
1626
1290
2168
4885
4799
2121
1656
2312
1403
4364
2986
2557
4466
1223
2222
2886
3869
3592
87
3531
1101
3207
4818
1467
1123
716
3577
642
3983
212
3059
3738
390
357
367
799
3482
1398
4811
354
4514
3434
3408
3388
4846
983
2059
179
4117
4756
4470
4810
4017
634
1951
2234
3887
95
838
568
3758
1828
4966
973
19
936
4023
3776
4339
1342
4319
3536
2522
1261
2895
620
1590
3417
3978
1315
2676
2449
4086
4546
663
1865
1237
944
3117
1601
4568
3194
711
678
1044
2035
2178
4565
1124
2732
4679
4912
594
2797
115
4011
3083
1853
3374
442
3220
574
3892
3507
153
2132
2554
1283
993
1602
2220
2650
3328
4521
528
2539
1731
1542
4636
3717
2031
4381
4981
3675
2996
1038
1018
1440
774
2382
4219
1486
1098
3306
4619
4340
1577
493
2819
2666
2433
4784
1905
3315
4971
3256
877
3200
1238
2141
2800
3802
1151
2699
3677
4209
3883
4192
1379
4538
3877
4681
2275
1297
2265
601
3035
2695
4587
645
4215
3794
2875
4842
1017
53
1808
868
1747
4126
2037
3770
2146
4252
4160
3479
2563
1969
2227
2659
4813
214
3729
3618
1042
858
408
2006
2253
4049
956
4187
2387
4393
4863
3652
3881
3583
98
2661
837
1752
2476
1420
3553
4993
3779
1239
3005
4542
4929
4827
4575
1121
770
2046
4029
4765
4087
145
2038
1546
2772
1439
3217
2634
3793
2628
4474
530
2088
4669
1093
4129
2140
2592
2744
4779
1517
875
3064
2104
1579
3375
3645
2804
2021
4620
4793
3830
1897
1836
1320
4201
3713
4563
1030
2605
1196
540
1913
1540
298
4092
1538
2173
1738
4816
2277
4217
1767
2575
2660
3030
613
4090
1584
4349
2521
1499
4178
3362
2580
3147
779
4732
1794
25
3842
1741
4493
1080
3549
4130
1995
4260
1658
3561
2067
2860
3278
2912
4396
4511
2411
522
1818
2738
2169
1792
327
4264
307
4338
1182
619
1744
2723
3197
2325
293
3471
4622
2667
1129
4277
4425
1401
2954
3470
2653
1358
1604
3472
2987
1567
3791
23
4075
2807
1332
691
3100
3128
3704
3956
4307
3718
2780
1231
2417
4892
559
3796
351
3709
553
4890
2864
3065
2830
3071
1286
2418
3795
899
2492
618
1583
4957
2466
1916
3750
3746
833
4112
152
140
3208
3354
2369
782
3928
3979
225
2179
4870
4449
4491
3743
1925
4848
1619
4964
2796
4258
4829
234
933
2763
2940
664
1768
2252
3880
2655
2329
3551
2350
4705
3647
255
4771
3020
4142
4796
263
1507
1057
2963
3995
119
1120
1790
3562
656
2965
2326
2472
4194
2475
4125
1702
178
1441
12
2839
3825
3574
1008
1536
2612
4030
802
4673
1349
4683
3228
4061
1666
4489
1720
1368
1060
1419
1343
3235
4334
1465
172
603
710
2820
4377
3145
3606
1163
2671
3402
1211
1028
2939
4424
4750
4830
4467
3895
4506
1521
4835
243
4386
472
4368
40
4541
1535
1244
3860
1442
2495
919
2984
4878
4752
1696
3906
3363
2221
630
3169
4965
2806
261
3712
2091
3720
2719
1910
1653
475
1187
3578
558
204
1472
3250
3168
3000
2748
94
301
370
54
4181
4760
3143
4795
2193
2529
272
2358
1988
820
1588
3085
4131
577
4216
2507
4729
679
2159
380
1785
1301
2957
1347
4773
1824
396
1559
1576
1513
719
3213
3792
4039
4480
1636
459
2245
4416
1553
1341
2404
4650
356
846
3959
302
1845
4701
3564
3991
4495
1791
5
3246
4385
2306
1614
2001
3427
3439
1446
4177
2436
242
2501
4174
3127
793
1384
1514
3657
4268
2832
4042
3407
3998
1854
4150
1152
4749
529
1809
2587
2259
4856
1350
2177
4939
2714
1819
4330
2439
2900
4566
2859
2478
801
1751
314
775
3963
1074
4457
3180
3300
2607
2828
2204
2808
1031
4642
610
4064
1085
2012
3319
2086
3961
3784
100
4721
3476
3240
4984
3464
2542
4015
667
1652
2727
4405
3634
3873
4602
3935
4397
406
2759
2233
1795
2316
30
323
1805
2442
2635
4354
3001
2506
2281
2595
4676
118
1149
4322
1406
4719
4670
969
217
600
873
767
304
2639
1519
4777
4702
4869
962
2360
2257
1009
477
2250
248
670
3968
165
644
4214
2416
2524
2989
1622
2231
4442
2024
1372
2799
379
3045
2955
2128
4091
653
4167
4717
2553
3442
2284
3582
1117
2704
181
2208
1700
3366
4293
694
2268
2927
2161
2102
738
792
1635
569
1011
2286
2331
2646
2061
2773
2432
3734
3400
4172
1963
4212
18
3124
1534
1344
3656
2047
2361
1284
4535
1976
3600
1869
2582
2916
1825
3387
1346
3938
637
1892
2934
512
4076
222
1299
3806
490
3297
500
4925
3231
2560
709
915
4899
4243
483
928
787
3013
124
3620
2138
1647
3312
932
3396
825
2601
3269
3824
1616
2849
2929
1888
416
246
994
2485
4272
2280
315
420
2344
2564
4089
2153
765
2355
2301
4070
3190
3111
285
2033
3062
2338
3241
3116
4628
675
2375
2589
3022
2802
185
2029
1032
4841
467
4608
1433
1139
2516
3177
109
624
2396
4302
1496
2861
1504
984
471
2020
4005
4159
4716
2994
3774
1268
117
3931
1481
2947
3977
1183
4398
1804
3617
1367
198
3295
42
4371
1879
3164
535
4946
900
2157
139
70
1665
4677
2174
4706
4484
3093
3249
2323
4297
2004
2490
699
1112
1104
1069
3721
223
4990
2340
1204
2460
1212
1764
949
3012
2750
2966
3132
3703
1522
453
1468
3679
991
4372
1691
2690
2777
3053
1494
2356
2163
734
3119
3233
2352
2398
122
4446
2902
4854
4801
4785
65
4055
2039
3457
3759
4776
4063
4817
3972
2084
3854
573
2383
757
3681
1552
905
2822
1972
4136
1587
2892
3852
1525
4161
1102
1329
2757
468
4794
2581
3651
2393
4276
3431
3361
176
1859
4889
1224
267
3384
2608
4555
1073
2007
1802
4610
3732
3936
567
842
3876
3201
1099
1694
1179
2448
2877
1832
425
3334
1709
2842
1072
2413
4291
777
4595
4730
348
4647
4054
4062
4210
1263
1328
4734
1146
3138
1294
4040
4935
1227
4599
3403
816
1816
2698
1967
893
822
4337
3173
2374
1138
581
4183
982
1578
3473
2681
436
422
67
3329
681
1874
3689
2572
759
1748
2561
1274
959
4018
2917
4414
1380
1082
3786
732
4427
4116
1849
49
4567
3247
2423
1046
1506
3555
3841
2496
2857
3500
850
2985
1462
1185
587
4803
4911
4949
672
1450
4715
2117
1141
1217
1505
2604
3252
233
3623
1362
1418
3640
2309
776
988
609
4346
3026
688
1269
2076
4634
1463
649
4145
2186
1423
1168
3510
2111
3448
853
2956
57
419
4068
2165
3982
245
3642
455
3447
2778
979
4901
4084
2803
4743
398
3487
2811
470
4515
230
4123
1007
3644
4046
4603
1243
1305
2480
1340
3155
2425
2739
1994
805
4944
1983
1914
144
4505
1171
3827
585
2969
3237
2467
1973
3107
2074
2058
3386
4974
4120
4534
4594
2272
2591
845
1281
906
2664
4418
4138
4787
2798
3469
4158
1164
3552
4523
2943
373
3915
4783
1034
1303
1842
4741
2013
4205
129
706
4170
4303
2123
1216
1353
4843
1562
2462
4135
1201
250
2566
4044
2691
2866
4547
4772
2235
3969
3603
2219
2207
1895
1651
209
614
1924
4571
3799
658
1508
2363
270
1165
3248
3925
2631
3298
3867
597
702
3509
2498
2385
3550
904
4737
1776
1267
4188
4553
2675
2000
4326
1222
2760
4762
4344
3772
1993
1210
430
803
4875
284
1704
2852
2451
1961
1063
3321
3613
1245
2408
3909
4694
256
326
4778
3058
2107
2906
458
2769
533
3871
1162
4956
1225
2570
4531
3317
1035
2129
494
3376
4107
4057
2209
3318
3581
1896
3458
1370
4598
4970
1964
4472
4274
3015
3526
3264
3955
3964
1885
2482
3933
3182
91
1012
1777
1348
2988
4093
316
3834
2921
3459
2541
985
561
1287
464
4162
3307
1600
3660
1719
4134
1259
2426
584
4350
1250
2647
4499
1070
1823
3344
3385
2725
981
133
2131
1292
1500
3525
698
4577
1202
723
395
2670
3521
2783
3687
1460
2075
1676
657
2998
3922
29
3404
4010
448
3629
4244
1991
1022
1475
1327
183
1198
2378
3211
4593
3815
4646
394
3063
4975
2187
4629
2960
27
677
4825
3523
3953
2114
4672
3198
3840
3737
3291
1883
273
4097
1692
2908
1541
4395
2884
3021
2705
3098
3831
2291
2282
3805
3607
2054
3358
4121
2224
3944
446
2997
2188
4609
1364
4128
3573
2845
3296
47
2371
864
3184
4886
3148
4241
4347
3858
3744
824
4051
1319
4853
3018
2353
3304
218
3345
1193
4127
4864
121
4065
221
1548
3350
2332
855
975
3989
2285
3115
3144
1934
796
761
4845
295
1330
4009
1837
3862
1248
2071
377
836
4522
4968
1723
2596
4191
262
1488
3725
829
1134
1566
3533
2357
4792
2697
1130
3857
2446
952
1436
3219
3602
381
2228
3636
78
2172
3728
3488
173
4108
3832
32
1966
3780
3330
1929
1598
2136
2918
1641
3626
1840
2919
3069
3149
1053
4759
3260
34
4479
2180
1054
2510
632
2623
163
38
369
1246
2801
2269
2456
654
3694
1664
1958
66
2139
572
1103
2858
4419
2792
4782
1291
1742
3096
747
2040
8
401
2192
764
996
498
393
1351
1509
4815
3337
3369
3103
1760
487
2198
795
4100
3628
337
3285
2050
4088
2853
4038
3715
4826
591
1020
3236
4164
1059
3120
3684
2901
2499
2346
2992
3426
4310
485
2537
1575
2504
4994
661
4438
3678
58
999
2513
4611
4906
2443
1310
3230
4967
3003
3043
3910
780
3612
1646
226
2914
4228
2619
2471
2620
2401
2959
730
4858
1761
3820
4295
3532
4171
3135
547
2629
2795
1839
1727
2558
2576
154
2536
2376
350
2971
783
497
2300
1726
265
4922
4190
434
92
4296
4078
2758
1573
2319
349
4099
3156
2694
428
311
1606
931
300
4426
418
1338
2184
3756
2841
2079
1911
1730
4709
3627
170
1806
2525
1428
4663
1827
1092
2505
2970
3639
1634
510
1407
3294
4626
1159
4406
3446
3090
4635
1627
4490
1801
929
2787
342
2026
3288
2025
1670
1673
4342
2771
980
1717
3661
3803
1300
1161
1898
2737
1523
322
1815
1607
1894
1307
191
752
4712
3004
190
2762
2137
2665
31
4143
1642
4224
41
4459
3186
4281
2093
4267
2598
3814
2648
4751
2547
3113
525
2470
2120
1928
3726
3432
2680
541
2270
1005
2814
3287
21
1325
1884
2459
1293
3970
2216
335
615
4431
4189
1071
872
3901
1729
3517
3266
1639
3048
3594
4540
2287
4111
4132
4056
3044
1921
1624
1304
4972
4654
1027
1638
1645
4137
1945
1834
1611
689
1699
1383
4931
3276
1178
3449
2175
2672
3700
726
2724
531
1295
2835
443
271
1662
3050
4665
2926
2230
3313
3118
4043
3212
2010
2594
134
1900
4569
1659
4645
2823
445
925
2421
1549
638
3422
3886
3462
220
2993
3506
2871
4269
1863
3485
411
3189
612
1919
2503
4356
1775
4868
1421
768
1100
3444
4805
2658
7
1524
4955
659
4119
552
4300
3584
1877
3958
827
1931
2170
2458
4163
3843
2247
4612
3455
3528
1221
4379
4299
3204
3371
1068
2089
2711
3359
1265
4950
1456
4897
1793
3239
4184
3054
576
4552
1088
1655
141
1745
4988
3960
1471
1264
3940
963
1360
2002
565
4746
4641
4691
570
1605
1868
4053
3238
947
3383
2073
213
22
3027
2386
1461
3499
2746
383
3768
3181
238
1240
4417
1749
4362
1986
4997
4378
4487
1133
4353
2334
4588
1856
2745
4165
708
4031
4998
4833
3498
2072
3036
450
1734
4991
4253
1710
2909
2983
2540
1586
1620
71
3172
3878
2615
3701
4361
3609
3611
4570
4942
4954
4807
2946
549
3016
4403
1695
737
1711
4866
1480
2815
3624
1989
563
4440
4605
299
2464
3833
2682
745
4836
1454
3646
2979
3178
312
4953
1064
958
3428
4155
2299
4548
3993
2397
1733
917
4094
1927
704
2722
3966
4225
3782
3401
2964
4255
3399
669
3412
1640
1754
4060
1270
4764
2562
1830
3896
1550
166
834
4313
1675
2951
4468
1722
2753
2610
720
930
2042
2896
2824
1430
4443
1213
4455
721
4179
2948
583
1089
431
582
995
4908
3450
366
1528
3104
2950
4173
1485
1410
4847
3397
814
4916
4221
874
4261
206
3209
3752
3405
3061
1831
3014
3735
75
1058
3258
1417
809
1992
3259
80
4828
4298
3683
4384
1142
1147
2873
2044
251
806
3480
1490
2477
1232
3747
3351
4671
3206
1781
3934
946
3077
910
1826
1679
4643
3566
45
84
1746
3764
616
3165
2190
4412
2638
1613
1957
1326
4921
2958
93
3286
4838
3667
4124
1065
4700
4618
3324
2261
3879
4573
2437
3437
3364
1455
385
1479
1000
1544
1323
4182
3872
715
1968
132
520
4584
1852
2056
2223
2023
3851
3008
3078
3141
2194
3367
1838
2793
3813
4581
2890
4893
3420
1922
527
1036
3481
1862
2399
2791
3698
3089
1782
1040
3653
48
4458
714
741
4407
2205
3822
4707
2049
501
3454
3268
4585
454
11
3785
2679
2632
4232
1938
1402
2559
26
309
3293
328
1706
908
3308
207
971
1680
364
294
3605
4325
1322
2015
4959
3920
4498
2790
1780
4839
3033
3559
1984
595
1935
3742
489
368
4208
3762
4266
2210
2907
4871
2465
4027
4229
10
2264
1644
3332
14
1912
3070
1010
1759
4008
2942
841
3557
2303
241
927
1821
3435
3971
2517
2933
4651
3142
4576
2645
1375
4079
3343
622
2981
2438
4558
1097
3593
2087
1623
277
2784
690
3338
789
3513
465
1321
400
4275
4035
2388
2920
3596
3087
4996
4366
4849
4596
24
1788
3643
4688
1279
1873
1909
2990
3937
1411
3060
4902
2005
785
4640
3916
287
79
744
2838
3099
3819
1241
3477
2613
3597
3942
1108
4882
2809
2166
1625
1982
1173
2488
1249
239
2452
4452
1574
3046
546
1114
1137
2384
1334
807
3253
2145
182
99
4333
1841
3821
85
149
1167
2009
1378
1219
1376
571
683
733
4045
3486
3846
56
4496
3672
1629
3430
3423
3997
386
4248
3897
2322
1599
3809
857
3451
4197
2304
3788
739
1686
484
4230
1311
6
760
3372
3572
3668
753
4453
2063
1965
3150
2260
33
105
157
3378
2720
1458
2735
4231
1532
291
4331
1947
599
143
313
2328
2017
193
2573
4020
491
1771
4507
3570
4262
934
3945
4430
844
2754
3478
205
3524
3730
4930
4989
997
2721
1778
4071
3191
2818
4649
2606
3413
73
4692
891
3914
4559
871
2693
1797
939
1156
1796
545
4305
1047
4533
1594
1466
940
625
3816
784
629
2743
628
4376
941
3616
2678
804
1857
2889
2751
4072
3740
2232
3340
1405
2368
2905
2577
2108
4409
854
3866
1
2484
4780
537
4544
968
2869
2729
4278
4592
4695
4508
2817
4028
2240
1026
626
3167
3352
1110
1953
3919
2637
4176
1033
3783
3199
3882
4767
2764
264
