91
492
191
275
176
160
137
108
184
172
338
219
146
270
428
129
410
120
387
258
74
370
246
143
78
228
439
356
374
231
45
164
495
459
323
380
235
485
85
53
154
187
343
493
205
468
181
290
470
80
417
325
82
66
49
105
487
118
68
117
222
204
483
346
75
166
475
448
365
391
461
395
203
169
420
360
121
466
359
44
144
376
364
93
95
27
238
355
261
328
50
367
190
423
272
201
111
489
377
371
319
274
431
253
334
19
18
116
4
42
443
122
340
426
400
269
480
314
224
313
347
88
167
293
440
381
252
162
2
278
386
98
497
59
324
152
128
465
449
60
464
202
63
357
372
65
348
22
40
41
354
436
446
474
455
13
243
378
399
90
291
308
16
64
140
358
339
100
454
240
175
462
153
234
349
292
471
106
415
413
284
173
141
335
147
341
309
460
295
402
107
283
15
453
379
418
150
158
498
481
298
288
221
170
126
458
37
394
58
136
350
247
96
257
398
414
286
353
223
87
211
333
70
245
17
138
215
401
14
97
32
218
421
39
171
165
445
388
383
396
51
432
232
124
296
467
397
55
30
135
99
25
260
405
57
148
456
208
130
430
250
92
438
142
83
213
226
469
259
112
110
62
206
48
193
249
362
21
390
315
303
67
177
345
302
463
3
419
12
185
305
188
11
407
447
209
499
156
285
225
373
366
236
178
280
33
491
61
262
174
441
76
227
482
318
237
389
265
457
210
73
69
159
361
114
241
384
375
412
256
276
301
404
8
35
331
352
486
101
77
444
56
155
113
9
194
94
297
183
151
149
189
119
157
125
86
500
472
289
321
43
47
473
437
233
311
229
103
494
84
326
342
7
267
300
139
424
281
322
6
133
5
263
182
299
89
327
434
200
435
282
199
29
409
161
484
408
477
266
268
132
186
134
279
38
180
192
168
115
217
127
369
31
427
145
179
216
20
28
251
452
244
273
336
307
329
332
479
306
429
104
79
368
277
310
163
230
450
411
198
392
271
344
212
476
214
1
385
36
312
320
351
52
195
403
317
254
34
207
451
81
433
330
382
294
24
442
54
422
406
26
488
197
46
264
304
316
196
255
109
248
239
490
220
123
337
71
478
131
425
72
416
23
10
363
393
102
287
496
242
